Country,Year,Total refugees out,Total refugees in,Refugee difference
Afghanistan,2001,3809767,6,-3809761
Afghanistan,2002,2510294,3,-2510291
Afghanistan,2003,2136043,22,-2136021
Afghanistan,2004,2414468,30,-2414438
Afghanistan,2005,2166149,32,-2166117
Afghanistan,2006,2107519,35,-2107484
Afghanistan,2007,3057661,42,-3057619
Afghanistan,2008,2833128,37,-2833091
Afghanistan,2009,2887123,37,-2887086
Afghanistan,2010,3054709,6434,-3048275
Afghanistan,2011,2664436,3009,-2661427
Afghanistan,2012,2586152,16187,-2569965
Afghanistan,2013,2556502,16863,-2539639
Afghanistan,2014,2596270,300423,-2295847
Afghanistan,2015,2666305,257554,-2408751
Afghanistan,2016,2501445,59771,-2441674
Albania,2001,7626,292,-7334
Albania,2002,10761,17,-10744
Albania,2003,10385,26,-10359
Albania,2004,10478,51,-10427
Albania,2005,12722,56,-12666
Albania,2006,14079,56,-14023
Albania,2007,15340,77,-15263
Albania,2008,15006,65,-14941
Albania,2009,15711,70,-15641
Albania,2010,14772,76,-14696
Albania,2011,13551,82,-13469
Albania,2012,12568,86,-12482
Albania,2013,10103,93,-10010
Albania,2014,10158,104,-10054
Albania,2015,10408,104,-10304
Albania,2016,11065,138,-10927
Algeria,2001,8418,169422,161004
Algeria,2002,12107,169233,157126
Algeria,2003,11667,169033,157366
Algeria,2004,10673,169048,158375
Algeria,2005,12041,94101,82060
Algeria,2006,8353,94180,85827
Algeria,2007,10615,94137,83522
Algeria,2008,9060,94093,85033
Algeria,2009,8185,94137,85952
Algeria,2010,6689,94144,87455
Algeria,2011,6121,94148,88027
Algeria,2012,5677,94133,88456
Algeria,2013,3660,94150,90490
Algeria,2014,3524,94128,90604
Algeria,2015,3490,94182,90692
Algeria,2016,3726,94232,90506
Andorra,2001,1,0,-1
Andorra,2002,10,0,-10
Andorra,2003,10,0,-10
Andorra,2004,3,0,-3
Andorra,2005,9,0,-9
Andorra,2006,10,0,-10
Andorra,2007,9,0,-9
Andorra,2008,6,0,-6
Andorra,2009,6,0,-6
Andorra,2010,6,0,-6
Andorra,2011,6,0,-6
Andorra,2012,7,0,-7
Andorra,2013,5,0,-5
Andorra,2014,7,0,-7
Andorra,2015,5,0,-5
Andorra,2016,2,0,-2
Angola,2001,470625,12250,-458375
Angola,2002,435421,12250,-423171
Angola,2003,329583,13382,-316201
Angola,2004,228851,13970,-214881
Angola,2005,215827,13984,-201843
Angola,2006,206501,13090,-193411
Angola,2007,186155,12069,-174086
Angola,2008,171393,12710,-158683
Angola,2009,141021,14734,-126287
Angola,2010,134858,15155,-119703
Angola,2011,128664,16223,-112441
Angola,2012,19258,23413,4155
Angola,2013,10286,23783,13497
Angola,2014,9484,15474,5990
Angola,2015,11869,15555,3686
Angola,2016,8404,15555,7151
Anguilla,2014,1,0,-1
Anguilla,2015,1,1,0
Anguilla,2016,1,1,0
Antigua and Barbuda,2001,4,0,-4
Antigua and Barbuda,2002,5,0,-5
Antigua and Barbuda,2003,5,0,-5
Antigua and Barbuda,2004,13,0,-13
Antigua and Barbuda,2005,13,0,-13
Antigua and Barbuda,2006,19,0,-19
Antigua and Barbuda,2007,25,0,-25
Antigua and Barbuda,2008,26,0,-26
Antigua and Barbuda,2009,28,0,-28
Antigua and Barbuda,2010,30,0,-30
Antigua and Barbuda,2011,32,0,-32
Antigua and Barbuda,2012,45,0,-45
Antigua and Barbuda,2013,49,0,-49
Antigua and Barbuda,2014,53,0,-53
Antigua and Barbuda,2015,56,15,-41
Antigua and Barbuda,2016,83,4,-79
Argentina,2001,659,2396,1737
Argentina,2002,771,2439,1668
Argentina,2003,784,2642,1858
Argentina,2004,796,2916,2120
Argentina,2005,856,3074,2218
Argentina,2006,894,3158,2264
Argentina,2007,1171,3263,2092
Argentina,2008,1047,2845,1798
Argentina,2009,608,3230,2622
Argentina,2010,557,3276,2719
Argentina,2011,518,3361,2843
Argentina,2012,447,3488,3041
Argentina,2013,388,3362,2974
Argentina,2014,318,3498,3180
Argentina,2015,194,3207,3013
Argentina,2016,128,3293,3165
Armenia,2001,7207,264337,257130
Armenia,2002,13249,247550,234301
Armenia,2003,13162,239289,226127
Armenia,2004,13410,235235,221825
Armenia,2005,13965,219550,205585
Armenia,2006,14917,113714,98797
Armenia,2007,15436,4566,-10870
Armenia,2008,16336,3953,-12383
Armenia,2009,18000,3607,-14393
Armenia,2010,17547,3296,-14251
Armenia,2011,16487,2918,-13569
Armenia,2012,15935,2854,-13081
Armenia,2013,11998,13732,1734
Armenia,2014,11848,17640,5792
Armenia,2015,11214,19319,8105
Armenia,2016,10719,17886,7167
Aruba,2013,0,1,1
Aruba,2015,0,2,2
Aruba,2016,0,1,1
Australia,2001,1,57895,57894
Australia,2002,10,59436,59426
Australia,2003,15,56258,56243
Australia,2004,13,63476,63463
Australia,2005,44,64964,64920
Australia,2006,29,68948,68919
Australia,2007,63,22164,22101
Australia,2008,43,20919,20876
Australia,2009,28,22548,22520
Australia,2010,37,21805,21768
Australia,2011,39,23434,23395
Australia,2012,48,30083,30035
Australia,2013,28,34503,34475
Australia,2014,25,35582,35557
Australia,2015,20,36917,36897
Australia,2016,14,42188,42174
Austria,2001,29,14390,14361
Austria,2002,72,14130,14058
Austria,2003,66,16109,16043
Austria,2004,47,17795,17748
Austria,2005,66,21230,21164
Austria,2006,34,25486,25452
Austria,2007,23,30773,30750
Austria,2008,14,37557,37543
Austria,2009,12,38906,38894
Austria,2010,10,42630,42620
Austria,2011,11,47073,47062
Austria,2012,12,51730,51718
Austria,2013,10,55598,55588
Austria,2014,10,60747,60737
Austria,2015,4,72216,72212
Austria,2016,6,93250,93244
Azerbaijan,2001,268759,367,-268392
Azerbaijan,2002,260214,458,-259756
Azerbaijan,2003,253255,326,-252929
Azerbaijan,2004,250589,8606,-241983
Azerbaijan,2005,233675,3004,-230671
Azerbaijan,2006,126068,2618,-123450
Azerbaijan,2007,15916,2352,-13564
Azerbaijan,2008,16319,2061,-14258
Azerbaijan,2009,16939,1642,-15297
Azerbaijan,2010,16753,1891,-14862
Azerbaijan,2011,16162,1730,-14432
Azerbaijan,2012,15537,1468,-14069
Azerbaijan,2013,10814,1380,-9434
Azerbaijan,2014,10515,1299,-9216
Azerbaijan,2015,9710,1278,-8432
Azerbaijan,2016,10112,1193,-8919
Bahamas,2002,1,0,-1
Bahamas,2003,1,0,-1
Bahamas,2004,1,0,-1
Bahamas,2005,1,0,-1
Bahamas,2006,14,0,-14
Bahamas,2007,14,0,-14
Bahamas,2008,15,0,-15
Bahamas,2009,15,0,-15
Bahamas,2010,17,28,11
Bahamas,2011,185,28,-157
Bahamas,2012,196,37,-159
Bahamas,2013,210,15,-195
Bahamas,2014,215,13,-202
Bahamas,2015,215,8,-207
Bahamas,2016,299,13,-286
Bahrain,2001,46,1,-45
Bahrain,2002,50,0,-50
Bahrain,2003,52,0,-52
Bahrain,2004,52,0,-52
Bahrain,2005,41,0,-41
Bahrain,2006,62,1,-61
Bahrain,2007,73,0,-73
Bahrain,2008,80,48,-32
Bahrain,2009,79,139,60
Bahrain,2010,87,165,78
Bahrain,2011,215,199,-16
Bahrain,2012,297,289,-8
Bahrain,2013,275,294,19
Bahrain,2014,347,311,-36
Bahrain,2015,421,247,-174
Bahrain,2016,462,271,-191
Bangladesh,2001,5548,22173,16625
Bangladesh,2002,5808,22025,16217
Bangladesh,2003,5565,19792,14227
Bangladesh,2004,5731,20449,14718
Bangladesh,2005,7304,21098,13794
Bangladesh,2006,7803,26311,18508
Bangladesh,2007,10243,27573,17330
Bangladesh,2008,10098,28389,18291
Bangladesh,2009,10432,228586,218154
Bangladesh,2010,10049,229253,219204
Bangladesh,2011,10056,229669,219613
Bangladesh,2012,10161,230697,220536
Bangladesh,2013,9728,231145,221417
Bangladesh,2014,10883,232472,221589
Bangladesh,2015,12173,231958,219785
Bangladesh,2016,13850,276207,262357
Barbados,2001,7,0,-7
Barbados,2002,9,0,-9
Barbados,2003,11,0,-11
Barbados,2004,7,0,-7
Barbados,2005,8,0,-8
Barbados,2006,27,0,-27
Barbados,2007,38,0,-38
Barbados,2008,34,0,-34
Barbados,2009,29,0,-29
Barbados,2010,32,0,-32
Barbados,2011,45,0,-45
Barbados,2012,55,0,-55
Barbados,2013,67,1,-66
Barbados,2014,86,1,-85
Barbados,2015,99,0,-99
Barbados,2016,148,0,-148
Belarus,2001,3696,584,-3112
Belarus,2002,6364,618,-5746
Belarus,2003,7815,638,-7177
Belarus,2004,8231,725,-7506
Belarus,2005,8857,725,-8132
Belarus,2006,9370,690,-8680
Belarus,2007,4970,649,-4321
Belarus,2008,5384,609,-4775
Belarus,2009,5525,580,-4945
Belarus,2010,5743,589,-5154
Belarus,2011,5925,595,-5330
Belarus,2012,6191,576,-5615
Belarus,2013,4397,604,-3793
Belarus,2014,4300,925,-3375
Belarus,2015,4125,1809,-2316
Belarus,2016,3840,1650,-2190
Belgium,2001,13,12265,12252
Belgium,2002,27,12578,12551
Belgium,2003,40,12595,12555
Belgium,2004,45,13529,13484
Belgium,2005,95,15282,15187
Belgium,2006,64,16820,16756
Belgium,2007,60,17575,17515
Belgium,2008,61,17026,16965
Belgium,2009,71,15545,15474
Belgium,2010,83,17892,17809
Belgium,2011,90,22402,22312
Belgium,2012,93,22024,21931
Belgium,2013,78,25629,25551
Belgium,2014,75,29179,29104
Belgium,2015,65,35314,35249
Belgium,2016,45,42168,42123
Belize,2001,0,1129,1129
Belize,2002,1,1049,1048
Belize,2003,10,861,851
Belize,2004,9,732,723
Belize,2005,8,624,616
Belize,2006,18,488,470
Belize,2007,17,358,341
Belize,2008,20,277,257
Belize,2009,17,230,213
Belize,2010,23,134,111
Belize,2011,32,78,46
Belize,2012,39,28,-11
Belize,2013,40,21,-19
Belize,2014,45,10,-35
Belize,2015,51,35,-16
Belize,2016,57,0,-57
Benin,2001,55,4799,4744
Benin,2002,232,5021,4789
Benin,2003,282,5034,4752
Benin,2004,309,4802,4493
Benin,2005,411,30294,29883
Benin,2006,215,10797,10582
Benin,2007,271,7621,7350
Benin,2008,318,6933,6615
Benin,2009,411,7205,6794
Benin,2010,442,7139,6697
Benin,2011,461,7217,6756
Benin,2012,457,4966,4509
Benin,2013,302,194,-108
Benin,2014,340,415,75
Benin,2015,412,530,118
Benin,2016,489,809,320
Bermuda,2001,1,0,-1
Bermuda,2002,1,0,-1
Bermuda,2005,2,0,-2
Bhutan,2001,110845,0,-110845
Bhutan,2002,112523,0,-112523
Bhutan,2003,103978,0,-103978
Bhutan,2004,105255,0,-105255
Bhutan,2005,106537,0,-106537
Bhutan,2006,108073,0,-108073
Bhutan,2007,110598,0,-110598
Bhutan,2008,104965,0,-104965
Bhutan,2009,89070,0,-89070
Bhutan,2010,75070,0,-75070
Bhutan,2011,57989,0,-57989
Bhutan,2012,41590,0,-41590
Bhutan,2013,31567,0,-31567
Bhutan,2014,23642,0,-23642
Bhutan,2015,17720,0,-17720
Bhutan,2016,11757,0,-11757
Bolivia,2001,156,347,191
Bolivia,2002,219,350,131
Bolivia,2003,264,527,263
Bolivia,2004,285,524,239
Bolivia,2005,269,535,266
Bolivia,2006,374,567,193
Bolivia,2007,428,632,204
Bolivia,2008,454,664,210
Bolivia,2009,573,679,106
Bolivia,2010,590,695,105
Bolivia,2011,611,716,105
Bolivia,2012,618,733,115
Bolivia,2013,601,748,147
Bolivia,2014,600,763,163
Bolivia,2015,571,775,204
Bolivia,2016,537,786,249
Bosnia and Herzegovina,2001,447321,32745,-414576
Bosnia and Herzegovina,2002,406448,28022,-378426
Bosnia and Herzegovina,2003,300006,22517,-277489
Bosnia and Herzegovina,2004,228807,22215,-206592
Bosnia and Herzegovina,2005,109930,10568,-99362
Bosnia and Herzegovina,2006,199946,10318,-189628
Bosnia and Herzegovina,2007,78273,7367,-70906
Bosnia and Herzegovina,2008,74366,7257,-67109
Bosnia and Herzegovina,2009,70018,7132,-62886
Bosnia and Herzegovina,2010,63004,7016,-55988
Bosnia and Herzegovina,2011,58578,6933,-51645
Bosnia and Herzegovina,2012,51822,6903,-44919
Bosnia and Herzegovina,2013,26790,6926,-19864
Bosnia and Herzegovina,2014,21888,6890,-14998
Bosnia and Herzegovina,2015,18769,6798,-11971
Bosnia and Herzegovina,2016,18199,5271,-12928
Botswana,2001,2,3581,3579
Botswana,2002,5,2805,2800
Botswana,2003,5,2838,2833
Botswana,2004,6,2839,2833
Botswana,2005,4,3109,3105
Botswana,2006,11,3160,3149
Botswana,2007,16,2465,2449
Botswana,2008,26,3019,2993
Botswana,2009,30,3022,2992
Botswana,2010,53,2986,2933
Botswana,2011,85,3312,3227
Botswana,2012,127,2785,2658
Botswana,2013,168,2773,2605
Botswana,2014,237,2645,2408
Botswana,2015,308,2130,1822
Botswana,2016,272,2093,1821
Brazil,2001,254,2884,2630
Brazil,2002,441,3182,2741
Brazil,2003,378,3193,2815
Brazil,2004,403,3345,2942
Brazil,2005,370,3458,3088
Brazil,2006,707,3492,2785
Brazil,2007,1624,20783,19159
Brazil,2008,1404,3852,2448
Brazil,2009,973,4232,3259
Brazil,2010,994,4357,3363
Brazil,2011,1045,4477,3432
Brazil,2012,1076,4689,3613
Brazil,2013,985,5196,4211
Brazil,2014,977,7490,6513
Brazil,2015,895,8707,7812
Brazil,2016,809,9689,8880
British Virgin Islands,2010,0,2,2
British Virgin Islands,2011,0,2,2
British Virgin Islands,2012,0,2,2
Brunei Darussalam,2002,2,0,-2
Brunei Darussalam,2003,1,0,-1
Brunei Darussalam,2004,1,0,-1
Brunei Darussalam,2005,49,0,-49
Brunei Darussalam,2006,2,0,-2
Brunei Darussalam,2007,2,0,-2
Brunei Darussalam,2008,1,0,-1
Brunei Darussalam,2009,1,0,-1
Brunei Darussalam,2010,1,0,-1
Brunei Darussalam,2011,1,0,-1
Brunei Darussalam,2012,1,0,-1
Brunei Darussalam,2013,1,0,-1
Brunei Darussalam,2014,1,0,-1
Brunei Darussalam,2016,1,0,-1
Bulgaria,2001,2121,3004,883
Bulgaria,2002,2841,3658,817
Bulgaria,2003,2567,4068,1501
Bulgaria,2004,2231,4684,2453
Bulgaria,2005,4254,4413,159
Bulgaria,2006,3438,4504,1066
Bulgaria,2007,3311,4836,1525
Bulgaria,2008,3040,5129,2089
Bulgaria,2009,2745,5393,2648
Bulgaria,2010,2559,5530,2971
Bulgaria,2011,2327,5688,3361
Bulgaria,2012,2147,2288,141
Bulgaria,2013,1880,4320,2440
Bulgaria,2014,1648,11046,9398
Bulgaria,2015,1269,16557,15288
Bulgaria,2016,805,17814,17009
Burkina Faso,2001,98,457,359
Burkina Faso,2002,978,457,-521
Burkina Faso,2003,853,466,-387
Burkina Faso,2004,577,492,-85
Burkina Faso,2005,607,511,-96
Burkina Faso,2006,377,511,134
Burkina Faso,2007,558,535,-23
Burkina Faso,2008,725,557,-168
Burkina Faso,2009,990,543,-447
Burkina Faso,2010,1145,531,-614
Burkina Faso,2011,1271,546,-725
Burkina Faso,2012,1460,39306,37846
Burkina Faso,2013,1584,29234,27650
Burkina Faso,2014,1857,31894,30037
Burkina Faso,2015,2148,34017,31869
Burkina Faso,2016,2357,32552,30195
Burundi,2001,553999,27896,-526103
Burundi,2002,574557,40533,-534024
Burundi,2003,531637,40971,-490666
Burundi,2004,485767,48808,-436959
Burundi,2005,438706,20681,-418025
Burundi,2006,396541,13176,-383365
Burundi,2007,375727,24483,-351244
Burundi,2008,281592,21093,-260499
Burundi,2009,94239,24967,-69272
Burundi,2010,84064,29365,-54699
Burundi,2011,101288,35659,-65629
Burundi,2012,73363,41813,-31550
Burundi,2013,72647,45490,-27157
Burundi,2014,72493,52936,-19557
Burundi,2015,292764,53363,-239401
Burundi,2016,408085,57469,-350616
Cabo Verde,2001,4,0,-4
Cabo Verde,2002,8,0,-8
Cabo Verde,2003,9,0,-9
Cabo Verde,2004,8,0,-8
Cabo Verde,2005,5,0,-5
Cabo Verde,2006,40,0,-40
Cabo Verde,2007,32,0,-32
Cabo Verde,2008,30,0,-30
Cabo Verde,2009,24,0,-24
Cabo Verde,2010,25,0,-25
Cabo Verde,2011,27,0,-27
Cabo Verde,2012,25,0,-25
Cabo Verde,2013,28,0,-28
Cabo Verde,2014,27,0,-27
Cabo Verde,2015,28,0,-28
Cabo Verde,2016,13,0,-13
Cambodia,2001,34759,50,-34709
Cambodia,2002,33456,200,-33256
Cambodia,2003,31407,76,-31331
Cambodia,2004,18115,382,-17733
Cambodia,2005,17806,127,-17679
Cambodia,2006,17965,99,-17866
Cambodia,2007,17704,179,-17525
Cambodia,2008,17253,164,-17089
Cambodia,2009,17025,135,-16890
Cambodia,2010,16314,129,-16185
Cambodia,2011,15205,64,-15141
Cambodia,2012,14024,77,-13947
Cambodia,2013,13747,68,-13679
Cambodia,2014,13071,63,-13008
Cambodia,2015,12803,76,-12727
Cambodia,2016,12429,66,-12363
Cameroon,2001,2724,41186,38462
Cameroon,2002,5225,58288,53063
Cameroon,2003,6206,58583,52377
Cameroon,2004,7627,58861,51234
Cameroon,2005,9101,52042,42941
Cameroon,2006,10385,35083,24698
Cameroon,2007,11508,60137,48629
Cameroon,2008,13870,81037,67167
Cameroon,2009,14766,99957,85191
Cameroon,2010,14963,104275,89312
Cameroon,2011,15163,100373,85210
Cameroon,2012,13382,98969,85587
Cameroon,2013,11427,114753,103326
Cameroon,2014,10766,264126,253360
Cameroon,2015,10586,342973,332387
Cameroon,2016,10374,375415,365041
Canada,2001,4,129224,129220
Canada,2002,51,129950,129899
Canada,2003,60,133094,133034
Canada,2004,56,141398,141342
Canada,2005,122,147171,147049
Canada,2006,95,151827,151732
Canada,2007,530,175741,175211
Canada,2008,101,173651,173550
Canada,2009,99,169434,169335
Canada,2010,90,165549,165459
Canada,2011,109,164883,164774
Canada,2012,123,163756,163633
Canada,2013,99,160349,160250
Canada,2014,95,149163,149068
Canada,2015,80,135888,135808
Canada,2016,84,97332,97248
Cayman Islands,2009,0,1,1
Cayman Islands,2010,1,1,0
Cayman Islands,2011,1,3,2
Cayman Islands,2012,1,3,2
Cayman Islands,2013,6,6,0
Cayman Islands,2014,6,6,0
Cayman Islands,2015,6,12,6
Cayman Islands,2016,7,18,11
Central African Rep.,2001,28704,49239,20535
Central African Rep.,2002,25376,50725,25349
Central African Rep.,2003,35400,44753,9353
Central African Rep.,2004,31067,25020,-6047
Central African Rep.,2005,42890,24569,-18321
Central African Rep.,2006,71685,12357,-59328
Central African Rep.,2007,98104,7535,-90569
Central African Rep.,2008,125106,7429,-117677
Central African Rep.,2009,159554,27047,-132507
Central African Rep.,2010,164905,21574,-143331
Central African Rep.,2011,162862,16730,-146132
Central African Rep.,2012,164568,14014,-150554
Central African Rep.,2013,252867,14322,-238545
Central African Rep.,2014,412041,7694,-404347
Central African Rep.,2015,471105,7330,-463775
Central African Rep.,2016,490892,12115,-478777
Chad,2001,46294,12950,-33344
Chad,2002,47349,33455,-13894
Chad,2003,52275,146400,94125
Chad,2004,52655,259880,207225
Chad,2005,48400,275412,227012
Chad,2006,36300,286743,250443
Chad,2007,55722,294017,238295
Chad,2008,55105,330510,275405
Chad,2009,55014,338495,283481
Chad,2010,53733,347939,294206
Chad,2011,42640,366494,323854
Chad,2012,39694,373695,334001
Chad,2013,48640,434479,385839
Chad,2014,48258,452897,404639
Chad,2015,14940,369540,354600
Chad,2016,14193,391251,377058
Chile,2001,834,389,-445
Chile,2002,1709,413,-1296
Chile,2003,1555,466,-1089
Chile,2004,1194,569,-625
Chile,2005,938,806,-132
Chile,2006,805,1134,329
Chile,2007,970,1376,406
Chile,2008,994,1613,619
Chile,2009,1312,1539,227
Chile,2010,1170,1621,451
Chile,2011,1189,1674,485
Chile,2012,1152,1695,543
Chile,2013,596,1743,1147
Chile,2014,579,1773,1194
Chile,2015,561,1849,1288
Chile,2016,498,1737,1239
China,2001,117409,295325,177916
China,2002,132115,297277,165162
China,2003,132406,299354,166948
China,2004,134722,299375,164653
China,2005,124101,301041,176940
China,2006,140598,301027,160429
China,2007,149095,301078,151983
China,2008,175180,300967,125787
China,2009,180558,300989,120431
China,2010,184602,300986,116384
China,2011,190369,301018,110649
China,2012,193453,301037,107584
China,2013,195133,301047,105914
China,2014,210802,301052,90250
China,2015,212912,301052,88140
China,2016,207772,317255,109483
Colombia,2001,17938,210,-17728
Colombia,2002,30625,205,-30420
Colombia,2003,37995,186,-37809
Colombia,2004,47381,141,-47240
Colombia,2005,60450,155,-60295
Colombia,2006,72796,143,-72653
Colombia,2007,551744,168,-551576
Colombia,2008,373532,170,-373362
Colombia,2009,389753,196,-389557
Colombia,2010,395577,212,-395365
Colombia,2011,395949,219,-395730
Colombia,2012,394117,219,-393898
Colombia,2013,396717,224,-396493
Colombia,2014,360298,213,-360085
Colombia,2015,340127,226,-339901
Colombia,2016,311062,258,-310804
Comoros,2001,26,13,-13
Comoros,2002,43,0,-43
Comoros,2003,58,0,-58
Comoros,2004,50,0,-50
Comoros,2005,61,1,-60
Comoros,2006,72,1,-71
Comoros,2007,96,0,-96
Comoros,2008,378,0,-378
Comoros,2009,268,0,-268
Comoros,2010,368,0,-368
Comoros,2011,422,0,-422
Comoros,2012,454,0,-454
Comoros,2013,513,0,-513
Comoros,2014,581,0,-581
Comoros,2015,551,0,-551
Comoros,2016,576,0,-576
Congo,2001,24237,119147,94910
Congo,2002,28002,109201,81199
Congo,2003,28958,91362,62404
Congo,2004,28144,68536,40392
Congo,2005,24438,66075,41637
Congo,2006,20608,55788,35180
Congo,2007,19735,38472,18737
Congo,2008,19925,24779,4854
Congo,2009,20544,111411,90867
Congo,2010,20679,133112,112433
Congo,2011,12839,141232,128393
Congo,2012,12119,98455,86336
Congo,2013,11753,51037,39284
Congo,2014,14500,54842,40342
Congo,2015,14781,44955,30174
Congo,2016,13302,46457,33155
Cook Islands,2009,1,0,-1
Cook Islands,2010,1,0,-1
Cook Islands,2011,1,0,-1
Cook Islands,2012,1,0,-1
Cook Islands,2013,1,0,-1
Cook Islands,2014,1,0,-1
Cook Islands,2015,1,0,-1
Cook Islands,2016,1,0,-1
Costa Rica,2001,86,8104,8018
Costa Rica,2002,98,12433,12335
Costa Rica,2003,92,13508,13416
Costa Rica,2004,138,10413,10275
Costa Rica,2005,178,11253,11075
Costa Rica,2006,284,11515,11231
Costa Rica,2007,361,17190,16829
Costa Rica,2008,354,18136,17782
Costa Rica,2009,344,19116,18772
Costa Rica,2010,352,19505,19153
Costa Rica,2011,331,20057,19726
Costa Rica,2012,325,20449,20124
Costa Rica,2013,463,20569,20106
Costa Rica,2014,417,20744,20327
Costa Rica,2015,379,3616,3237
Costa Rica,2016,208,4180,3972
Croatia,2001,290279,21875,-268404
Croatia,2002,274818,8392,-266426
Croatia,2003,230189,4387,-225802
Croatia,2004,215477,3663,-211814
Croatia,2005,119148,2927,-116221
Croatia,2006,93767,2443,-91324
Croatia,2007,100423,1642,-98781
Croatia,2008,97012,1597,-95415
Croatia,2009,76478,1238,-75240
Croatia,2010,65861,936,-64925
Croatia,2011,62649,824,-61825
Croatia,2012,62606,724,-61882
Croatia,2013,49756,684,-49072
Croatia,2014,40122,726,-39396
Croatia,2015,33451,522,-32929
Croatia,2016,26230,304,-25926
Cuba,2001,18959,1036,-17923
Cuba,2002,18043,1005,-17038
Cuba,2003,16093,836,-15257
Cuba,2004,15675,795,-14880
Cuba,2005,19000,706,-18294
Cuba,2006,33580,667,-32913
Cuba,2007,7503,615,-6888
Cuba,2008,7938,525,-7413
Cuba,2009,7549,454,-7095
Cuba,2010,7477,411,-7066
Cuba,2011,7856,384,-7472
Cuba,2012,7731,371,-7360
Cuba,2013,7460,384,-7076
Cuba,2014,7502,280,-7222
Cuba,2015,6833,303,-6530
Cuba,2016,5948,316,-5632
Curaçao,2010,0,7,7
Curaçao,2011,0,6,6
Curaçao,2012,0,14,14
Curaçao,2013,35,15,-20
Curaçao,2014,35,37,2
Curaçao,2015,35,48,13
Curaçao,2016,35,54,19
Cyprus,2001,5,83,78
Cyprus,2002,7,173,166
Cyprus,2003,5,349,344
Cyprus,2004,2,531,529
Cyprus,2005,5,701,696
Cyprus,2006,5,924,919
Cyprus,2007,9,1194,1185
Cyprus,2008,10,1465,1455
Cyprus,2009,11,2888,2877
Cyprus,2010,13,3394,3381
Cyprus,2011,11,3503,3492
Cyprus,2012,11,3631,3620
Cyprus,2013,10,3883,3873
Cyprus,2014,10,5126,5116
Cyprus,2015,4,7067,7063
Cyprus,2016,2,8484,8482
Czechia,2001,1179,1216,37
Czechia,2002,6984,1297,-5687
Czechia,2003,6702,1516,-5186
Czechia,2004,4528,1623,-2905
Czechia,2005,3589,1802,-1787
Czechia,2006,2138,1887,-251
Czechia,2007,1384,2037,653
Czechia,2008,1358,2110,752
Czechia,2009,1067,2323,1256
Czechia,2010,817,2449,1632
Czechia,2011,763,2449,1686
Czechia,2012,622,2805,2183
Czechia,2013,991,2979,1988
Czechia,2014,1327,3137,1810
Czechia,2015,1285,3644,2359
Czechia,2016,1271,3644,2373
Ivory Coast,2001,858,126239,125381
Ivory Coast,2002,23741,44749,21008
Ivory Coast,2003,33637,75971,42334
Ivory Coast,2004,23660,72088,48428
Ivory Coast,2005,18338,41627,23289
Ivory Coast,2006,26315,27288,973
Ivory Coast,2007,22232,24647,2415
Ivory Coast,2008,22227,24811,2584
Ivory Coast,2009,23153,24604,1451
Ivory Coast,2010,41758,26218,-15540
Ivory Coast,2011,154824,24221,-130603
Ivory Coast,2012,100720,3980,-96740
Ivory Coast,2013,85652,2980,-82672
Ivory Coast,2014,71966,1925,-70041
Ivory Coast,2015,71115,1980,-69135
Ivory Coast,2016,46813,1399,-45414
Dem. People's Rep. of Korea,2001,19,0,-19
Dem. People's Rep. of Korea,2002,259,0,-259
Dem. People's Rep. of Korea,2003,304,0,-304
Dem. People's Rep. of Korea,2004,343,0,-343
Dem. People's Rep. of Korea,2005,288,0,-288
Dem. People's Rep. of Korea,2006,398,0,-398
Dem. People's Rep. of Korea,2007,605,0,-605
Dem. People's Rep. of Korea,2008,886,0,-886
Dem. People's Rep. of Korea,2009,881,0,-881
Dem. People's Rep. of Korea,2010,917,0,-917
Dem. People's Rep. of Korea,2011,1052,0,-1052
Dem. People's Rep. of Korea,2012,1132,0,-1132
Dem. People's Rep. of Korea,2013,1167,0,-1167
Dem. People's Rep. of Korea,2014,1282,0,-1282
Dem. People's Rep. of Korea,2015,1101,0,-1101
Dem. People's Rep. of Korea,2016,1422,0,-1422
Dem. Rep. of the Congo,2001,392146,362012,-30134
Dem. Rep. of the Congo,2002,421362,332978,-88384
Dem. Rep. of the Congo,2003,453465,234033,-219432
Dem. Rep. of the Congo,2004,462191,199323,-262868
Dem. Rep. of the Congo,2005,430929,204341,-226588
Dem. Rep. of the Congo,2006,401914,208371,-193543
Dem. Rep. of the Congo,2007,370374,177390,-192984
Dem. Rep. of the Congo,2008,367995,155162,-212833
Dem. Rep. of the Congo,2009,455852,185809,-270043
Dem. Rep. of the Congo,2010,476693,166336,-310357
Dem. Rep. of the Congo,2011,491481,152749,-338732
Dem. Rep. of the Congo,2012,509290,65109,-444181
Dem. Rep. of the Congo,2013,499563,113362,-386201
Dem. Rep. of the Congo,2014,516771,119754,-397017
Dem. Rep. of the Congo,2015,541496,383095,-158401
Dem. Rep. of the Congo,2016,537473,451956,-85517
Denmark,2001,3,73284,73281
Denmark,2002,8,73597,73589
Denmark,2003,10,69858,69848
Denmark,2004,10,65310,65300
Denmark,2005,12,44374,44362
Denmark,2006,12,36659,36647
Denmark,2007,14,26788,26774
Denmark,2008,11,23401,23390
Denmark,2009,10,20355,20345
Denmark,2010,9,17922,17913
Denmark,2011,9,13399,13390
Denmark,2012,9,11814,11805
Denmark,2013,10,13170,13160
Denmark,2014,12,17785,17773
Denmark,2015,9,27326,27317
Denmark,2016,2,33507,33505
Djibouti,2001,452,23176,22724
Djibouti,2002,471,21702,21231
Djibouti,2003,522,27034,26512
Djibouti,2004,495,18035,17540
Djibouti,2005,504,10456,9952
Djibouti,2006,485,9259,8774
Djibouti,2007,648,6651,6003
Djibouti,2008,650,9228,8578
Djibouti,2009,622,12111,11489
Djibouti,2010,566,15104,14538
Djibouti,2011,602,20340,19738
Djibouti,2012,640,19139,18499
Djibouti,2013,762,20015,19253
Djibouti,2014,879,20530,19651
Djibouti,2015,1069,19365,18296
Djibouti,2016,1440,17683,16243
Dominica,2001,5,0,-5
Dominica,2002,6,0,-6
Dominica,2003,17,0,-17
Dominica,2004,25,0,-25
Dominica,2005,30,0,-30
Dominica,2006,49,0,-49
Dominica,2007,58,0,-58
Dominica,2008,56,0,-56
Dominica,2009,53,0,-53
Dominica,2010,52,0,-52
Dominica,2011,52,0,-52
Dominica,2012,54,0,-54
Dominica,2013,43,0,-43
Dominica,2014,38,0,-38
Dominica,2015,38,0,-38
Dominica,2016,24,0,-24
Dominican Rep.,2001,46,0,-46
Dominican Rep.,2002,83,0,-83
Dominican Rep.,2003,92,0,-92
Dominican Rep.,2004,97,0,-97
Dominican Rep.,2005,67,0,-67
Dominican Rep.,2006,150,0,-150
Dominican Rep.,2007,358,0,-358
Dominican Rep.,2008,318,0,-318
Dominican Rep.,2009,230,0,-230
Dominican Rep.,2010,246,599,353
Dominican Rep.,2011,250,595,345
Dominican Rep.,2012,289,758,469
Dominican Rep.,2013,306,721,415
Dominican Rep.,2014,349,608,259
Dominican Rep.,2015,382,615,233
Dominican Rep.,2016,361,592,231
Ecuador,2001,653,1715,1062
Ecuador,2002,822,3240,2418
Ecuador,2003,730,6381,5651
Ecuador,2004,727,8450,7723
Ecuador,2005,775,10063,9288
Ecuador,2006,887,11789,10902
Ecuador,2007,1332,264907,263575
Ecuador,2008,1066,101398,100332
Ecuador,2009,1027,116557,115530
Ecuador,2010,852,121249,120397
Ecuador,2011,909,123436,122527
Ecuador,2012,844,123824,122980
Ecuador,2013,707,123209,122502
Ecuador,2014,804,122161,121357
Ecuador,2015,1009,121535,120526
Ecuador,2016,1046,102848,101802
Egypt,2001,4678,7230,2552
Egypt,2002,6443,80494,74051
Egypt,2003,5735,88749,83014
Egypt,2004,5371,90343,84972
Egypt,2005,6291,88946,82655
Egypt,2006,7613,88022,80409
Egypt,2007,6799,97556,90757
Egypt,2008,6780,97861,91081
Egypt,2009,6990,94406,87416
Egypt,2010,6913,95056,88143
Egypt,2011,7936,95087,87151
Egypt,2012,10020,109933,99913
Egypt,2013,12810,230086,217276
Egypt,2014,15903,236090,220187
Egypt,2015,17926,212500,194574
Egypt,2016,19796,213530,193734
El Salvador,2001,7150,69,-7081
El Salvador,2002,6632,74,-6558
El Salvador,2003,5658,246,-5412
El Salvador,2004,4497,235,-4262
El Salvador,2005,4281,49,-4232
El Salvador,2006,6388,39,-6349
El Salvador,2007,6022,39,-5983
El Salvador,2008,5151,32,-5119
El Salvador,2009,5051,30,-5021
El Salvador,2010,4976,38,-4938
El Salvador,2011,6720,38,-6682
El Salvador,2012,8171,45,-8126
El Salvador,2013,9635,44,-9591
El Salvador,2014,10965,35,-10930
El Salvador,2015,14778,48,-14730
El Salvador,2016,19614,45,-19569
Equatorial Guinea,2001,529,0,-529
Equatorial Guinea,2002,552,0,-552
Equatorial Guinea,2003,591,0,-591
Equatorial Guinea,2004,546,0,-546
Equatorial Guinea,2005,477,0,-477
Equatorial Guinea,2006,461,0,-461
Equatorial Guinea,2007,407,0,-407
Equatorial Guinea,2008,384,0,-384
Equatorial Guinea,2009,344,0,-344
Equatorial Guinea,2010,305,0,-305
Equatorial Guinea,2011,258,0,-258
Equatorial Guinea,2012,228,0,-228
Equatorial Guinea,2013,200,0,-200
Equatorial Guinea,2014,174,0,-174
Equatorial Guinea,2015,154,0,-154
Equatorial Guinea,2016,142,0,-142
Eritrea,2001,333229,2272,-330957
Eritrea,2002,318176,3619,-314557
Eritrea,2003,124121,3889,-120232
Eritrea,2004,131123,4240,-126883
Eritrea,2005,144066,4418,-139648
Eritrea,2006,193745,4621,-189124
Eritrea,2007,208748,5042,-203706
Eritrea,2008,186398,4862,-181536
Eritrea,2009,209168,4751,-204417
Eritrea,2010,222460,4809,-217651
Eritrea,2011,251954,4719,-247235
Eritrea,2012,285371,3600,-281771
Eritrea,2013,308236,3166,-305070
Eritrea,2014,363092,2898,-360194
Eritrea,2015,407449,2549,-404900
Eritrea,2016,459430,2342,-457088
Estonia,2001,479,11,-468
Estonia,2002,1060,10,-1050
Estonia,2003,1027,12,-1015
Estonia,2004,855,11,-844
Estonia,2005,743,7,-736
Estonia,2006,627,5,-622
Estonia,2007,262,18,-244
Estonia,2008,248,22,-226
Estonia,2009,248,24,-224
Estonia,2010,240,39,-201
Estonia,2011,224,50,-174
Estonia,2012,456,63,-393
Estonia,2013,352,70,-282
Estonia,2014,339,90,-249
Estonia,2015,318,168,-150
Estonia,2016,305,322,17
Ethiopia,2001,58997,152554,93557
Ethiopia,2002,61240,132940,71700
Ethiopia,2003,62677,130274,67597
Ethiopia,2004,63150,115980,52830
Ethiopia,2005,65461,100817,35356
Ethiopia,2006,74026,96980,22954
Ethiopia,2007,59858,85183,25325
Ethiopia,2008,63878,83583,19705
Ethiopia,2009,62889,121886,58997
Ethiopia,2010,68848,154295,85447
Ethiopia,2011,70610,288844,218234
Ethiopia,2012,74968,376393,301425
Ethiopia,2013,77122,433936,356814
Ethiopia,2014,86870,659524,572654
Ethiopia,2015,85839,736086,650247
Ethiopia,2016,83966,791631,707665
Fiji,2001,731,0,-731
Fiji,2002,1072,0,-1072
Fiji,2003,1087,0,-1087
Fiji,2004,1281,0,-1281
Fiji,2005,1379,0,-1379
Fiji,2006,1686,0,-1686
Fiji,2007,1828,0,-1828
Fiji,2008,1868,0,-1868
Fiji,2009,1892,2,-1890
Fiji,2010,1851,1,-1850
Fiji,2011,1579,7,-1572
Fiji,2012,1317,6,-1311
Fiji,2013,1112,5,-1107
Fiji,2014,924,13,-911
Fiji,2015,883,12,-871
Fiji,2016,792,12,-780
Finland,2001,2,12728,12726
Finland,2002,9,12490,12481
Finland,2003,7,10843,10836
Finland,2004,3,11325,11322
Finland,2005,5,11809,11804
Finland,2006,6,11827,11821
Finland,2007,4,6204,6200
Finland,2008,4,6617,6613
Finland,2009,6,7447,7441
Finland,2010,6,8724,8718
Finland,2011,7,9175,9168
Finland,2012,7,9919,9912
Finland,2013,7,11252,11245
Finland,2014,7,11798,11791
Finland,2015,8,12703,12695
Finland,2016,4,18401,18397
France,2001,44,131601,131557
France,2002,90,132182,132092
France,2003,110,130838,130728
France,2004,110,139852,139742
France,2005,286,137316,137030
France,2006,82,145996,145914
France,2007,101,151789,151688
France,2008,101,171206,171105
France,2009,87,196364,196277
France,2010,92,200687,200595
France,2011,99,210207,210108
France,2012,100,217865,217765
France,2013,98,232487,232389
France,2014,93,252264,252171
France,2015,94,273126,273032
France,2016,54,304546,304492
French Guiana,2016,1,0,-1
French Polynesia,2005,1,0,-1
French Polynesia,2006,1,0,-1
Gabon,2001,27,15581,15554
Gabon,2002,37,13473,13436
Gabon,2003,39,14005,13966
Gabon,2004,53,13787,13734
Gabon,2005,81,8545,8464
Gabon,2006,95,8429,8334
Gabon,2007,116,8826,8710
Gabon,2008,129,9001,8872
Gabon,2009,144,8845,8701
Gabon,2010,165,9015,8850
Gabon,2011,173,1773,1600
Gabon,2012,183,1663,1480
Gabon,2013,176,1594,1418
Gabon,2014,172,1013,841
Gabon,2015,177,943,766
Gabon,2016,171,931,760
Gambia,2001,734,8133,7399
Gambia,2002,861,12120,11259
Gambia,2003,746,7465,6719
Gambia,2004,684,7343,6659
Gambia,2005,1683,7330,5647
Gambia,2006,1254,13761,12507
Gambia,2007,1267,14895,13628
Gambia,2008,1352,14836,13484
Gambia,2009,1973,10118,8145
Gambia,2010,2242,8378,6136
Gambia,2011,2583,9528,6945
Gambia,2012,3076,9853,6777
Gambia,2013,3397,9563,6166
Gambia,2014,5136,11608,6472
Gambia,2015,8492,7854,-638
Gambia,2016,11600,7940,-3660
Georgia,2001,17498,7901,-9597
Georgia,2002,16975,4192,-12783
Georgia,2003,12497,3864,-8633
Georgia,2004,6626,2559,-4067
Georgia,2005,7301,2497,-4804
Georgia,2006,6340,1373,-4967
Georgia,2007,11810,1047,-10763
Georgia,2008,12598,996,-11602
Georgia,2009,15020,870,-14150
Georgia,2010,10640,639,-10001
Georgia,2011,10112,462,-9650
Georgia,2012,9261,469,-8792
Georgia,2013,6778,847,-5931
Georgia,2014,6681,857,-5824
Georgia,2015,6493,1979,-4514
Georgia,2016,6403,2125,-4278
Germany,2001,1033,903000,901967
Germany,2002,928,980000,979072
Germany,2003,725,960395,959670
Germany,2004,78,876622,876544
Germany,2005,78,700016,699938
Germany,2006,114,605402,605288
Germany,2007,129,578879,578750
Germany,2008,166,582735,582569
Germany,2009,170,593799,593629
Germany,2010,164,594269,594105
Germany,2011,174,571684,571510
Germany,2012,182,589737,589555
Germany,2013,175,187567,187392
Germany,2014,176,216973,216797
Germany,2015,161,316115,315954
Germany,2016,74,669482,669408
Ghana,2001,14556,11792,-2764
Ghana,2002,15686,33515,17829
Ghana,2003,15879,43947,28068
Ghana,2004,14772,42053,27281
Ghana,2005,18433,53537,35104
Ghana,2006,9960,44938,34978
Ghana,2007,5063,34958,29895
Ghana,2008,13242,18206,4964
Ghana,2009,14893,13658,-1235
Ghana,2010,20203,13828,-6375
Ghana,2011,20361,13588,-6773
Ghana,2012,24298,16016,-8282
Ghana,2013,21078,18681,-2397
Ghana,2014,22145,18450,-3695
Ghana,2015,22978,17406,-5572
Ghana,2016,15541,11865,-3676
Gibraltar,2007,1,0,-1
Gibraltar,2008,1,0,-1
Gibraltar,2009,1,0,-1
Gibraltar,2010,2,0,-2
Gibraltar,2011,2,0,-2
Gibraltar,2012,2,0,-2
Gibraltar,2013,2,0,-2
Gibraltar,2014,2,0,-2
Gibraltar,2015,2,0,-2
Gibraltar,2016,1,0,-1
Greece,2001,97,6948,6851
Greece,2002,301,2788,2487
Greece,2003,270,2771,2501
Greece,2004,224,2489,2265
Greece,2005,331,2390,2059
Greece,2006,91,2289,2198
Greece,2007,92,2228,2136
Greece,2008,67,2164,2097
Greece,2009,62,1695,1633
Greece,2010,51,1444,1393
Greece,2011,56,1573,1517
Greece,2012,51,2100,2049
Greece,2013,91,3485,3394
Greece,2014,113,10304,10191
Greece,2015,112,24838,24726
Greece,2016,105,46427,46322
Grenada,2001,53,0,-53
Grenada,2002,73,0,-73
Grenada,2003,77,0,-77
Grenada,2004,99,0,-99
Grenada,2005,152,0,-152
Grenada,2006,202,0,-202
Grenada,2007,297,0,-297
Grenada,2008,312,0,-312
Grenada,2009,333,0,-333
Grenada,2010,345,0,-345
Grenada,2011,323,3,-320
Grenada,2012,316,0,-316
Grenada,2013,330,0,-330
Grenada,2014,324,0,-324
Grenada,2015,270,1,-269
Grenada,2016,101,1,-100
Guatemala,2001,16867,729,-16138
Guatemala,2002,13888,733,-13155
Guatemala,2003,6696,715,-5981
Guatemala,2004,4376,656,-3720
Guatemala,2005,3379,391,-2988
Guatemala,2006,6496,382,-6114
Guatemala,2007,6161,379,-5782
Guatemala,2008,5934,130,-5804
Guatemala,2009,5768,131,-5637
Guatemala,2010,5679,138,-5541
Guatemala,2011,6088,147,-5941
Guatemala,2012,6388,159,-6229
Guatemala,2013,6615,160,-6455
Guatemala,2014,7483,164,-7319
Guatemala,2015,10284,226,-10058
Guatemala,2016,12554,300,-12254
Guinea,2001,2019,178444,176425
Guinea,2002,3418,182163,178745
Guinea,2003,3871,184341,180470
Guinea,2004,4782,139252,134470
Guinea,2005,5820,63525,57705
Guinea,2006,6840,31468,24628
Guinea,2007,8278,25226,16948
Guinea,2008,9495,21488,11993
Guinea,2009,10920,15325,4405
Guinea,2010,11985,14113,2128
Guinea,2011,13161,16609,3448
Guinea,2012,14061,10371,-3690
Guinea,2013,14561,8560,-6001
Guinea,2014,15252,8766,-6486
Guinea,2015,17005,8839,-8166
Guinea,2016,17548,5068,-12480
Guinea-Bissau,2001,927,7332,6405
Guinea-Bissau,2002,986,7639,6653
Guinea-Bissau,2003,975,7551,6576
Guinea-Bissau,2004,1018,7536,6518
Guinea-Bissau,2005,1050,7616,6566
Guinea-Bissau,2006,1003,7804,6801
Guinea-Bissau,2007,1028,7860,6832
Guinea-Bissau,2008,1065,7884,6819
Guinea-Bissau,2009,1109,7898,6789
Guinea-Bissau,2010,1127,7679,6552
Guinea-Bissau,2011,1123,7800,6677
Guinea-Bissau,2012,1180,7784,6604
Guinea-Bissau,2013,1223,8535,7312
Guinea-Bissau,2014,1307,8684,7377
Guinea-Bissau,2015,1471,8684,7213
Guinea-Bissau,2016,1653,9263,7610
Guyana,2001,36,0,-36
Guyana,2002,49,0,-49
Guyana,2003,78,0,-78
Guyana,2004,194,0,-194
Guyana,2005,406,0,-406
Guyana,2006,537,0,-537
Guyana,2007,677,0,-677
Guyana,2008,708,0,-708
Guyana,2009,727,0,-727
Guyana,2010,749,7,-742
Guyana,2011,771,7,-764
Guyana,2012,801,7,-794
Guyana,2013,800,11,-789
Guyana,2014,700,11,-689
Guyana,2015,511,11,-500
Guyana,2016,272,11,-261
Haiti,2001,7248,0,-7248
Haiti,2002,7718,0,-7718
Haiti,2003,7547,0,-7547
Haiti,2004,9208,0,-9208
Haiti,2005,13542,0,-13542
Haiti,2006,20837,0,-20837
Haiti,2007,22280,1,-22279
Haiti,2008,23066,3,-23063
Haiti,2009,24116,3,-24113
Haiti,2010,25892,0,-25892
Haiti,2011,33661,0,-33661
Haiti,2012,38568,0,-38568
Haiti,2013,38659,0,-38659
Haiti,2014,37162,3,-37159
Haiti,2015,34774,3,-34771
Haiti,2016,29684,5,-29679
Holy See (the),2004,2,0,-2
Honduras,2001,781,20,-761
Honduras,2002,673,29,-644
Honduras,2003,604,23,-581
Honduras,2004,484,23,-461
Honduras,2005,535,22,-513
Honduras,2006,1035,22,-1013
Honduras,2007,1236,22,-1214
Honduras,2008,1116,24,-1092
Honduras,2009,1166,19,-1147
Honduras,2010,1302,14,-1288
Honduras,2011,1966,17,-1949
Honduras,2012,2613,16,-2597
Honduras,2013,3300,16,-3284
Honduras,2014,4159,26,-4133
Honduras,2015,6851,30,-6821
Honduras,2016,10507,16,-10491
"Hong Kong SAR, China",2001,7,1390,1383
"Hong Kong SAR, China",2002,5,1496,1491
"Hong Kong SAR, China",2003,9,1902,1893
"Hong Kong SAR, China",2004,8,1868,1860
"Hong Kong SAR, China",2005,0,1934,1934
"Hong Kong SAR, China",2006,10,1940,1930
"Hong Kong SAR, China",2007,11,97,86
"Hong Kong SAR, China",2008,11,103,92
"Hong Kong SAR, China",2009,12,86,74
"Hong Kong SAR, China",2010,17,154,137
"Hong Kong SAR, China",2011,15,152,137
"Hong Kong SAR, China",2012,19,117,98
"Hong Kong SAR, China",2013,25,126,101
"Hong Kong SAR, China",2014,25,170,145
"Hong Kong SAR, China",2015,33,133,100
"Hong Kong SAR, China",2016,12,110,98
Hungary,2001,953,4710,3757
Hungary,2002,3517,6088,2571
Hungary,2003,3395,7023,3628
Hungary,2004,2749,7708,4959
Hungary,2005,3519,8046,4527
Hungary,2006,3118,8075,4957
Hungary,2007,3386,8131,4745
Hungary,2008,1614,7750,6136
Hungary,2009,1537,6044,4507
Hungary,2010,1438,5414,3976
Hungary,2011,1238,5106,3868
Hungary,2012,1087,4054,2967
Hungary,2013,1220,2440,1220
Hungary,2014,1267,2867,1600
Hungary,2015,1443,4393,2950
Hungary,2016,2909,4748,1839
Iceland,2001,0,213,213
Iceland,2002,13,207,194
Iceland,2003,12,239,227
Iceland,2004,10,239,229
Iceland,2005,7,293,286
Iceland,2006,31,267,236
Iceland,2007,7,49,42
Iceland,2008,7,49,42
Iceland,2009,4,62,58
Iceland,2010,4,83,79
Iceland,2011,3,58,55
Iceland,2012,3,60,57
Iceland,2013,2,79,77
Iceland,2014,1,99,98
Iceland,2015,0,179,179
Iceland,2016,0,179,179
India,2001,11571,169549,157978
India,2002,14349,168855,154506
India,2003,13706,164757,151051
India,2004,13344,162687,149343
India,2005,16285,139283,122998
India,2006,17811,158366,140555
India,2007,20466,161537,141071
India,2008,19569,184543,164974
India,2009,19514,185323,165809
India,2010,17769,184821,167052
India,2011,16232,185118,168886
India,2012,14258,185656,171398
India,2013,11041,188395,177354
India,2014,10436,199937,189501
India,2015,9881,201381,191500
India,2016,7291,197851,190560
Indonesia,2001,8970,73551,64581
Indonesia,2002,9906,28596,18690
Indonesia,2003,16240,233,-16007
Indonesia,2004,27919,169,-27750
Indonesia,2005,34384,89,-34295
Indonesia,2006,34728,301,-34427
Indonesia,2007,20558,315,-20243
Indonesia,2008,19345,369,-18976
Indonesia,2009,18213,798,-17415
Indonesia,2010,16892,811,-16081
Indonesia,2011,16079,1006,-15073
Indonesia,2012,15523,1819,-13704
Indonesia,2013,14786,3206,-11580
Indonesia,2014,14408,4270,-10138
Indonesia,2015,13956,5957,-7999
Indonesia,2016,13064,7827,-5237
Iraq,2001,530511,128142,-402369
Iraq,2002,422512,134190,-288322
Iraq,2003,368580,46721,-321859
Iraq,2004,311890,46053,-265837
Iraq,2005,262299,50177,-212122
Iraq,2006,1450905,44406,-1406499
Iraq,2007,2309245,42354,-2266891
Iraq,2008,1903519,39503,-1864016
Iraq,2009,1785212,35218,-1749994
Iraq,2010,1683579,34655,-1648924
Iraq,2011,1428308,35189,-1393119
Iraq,2012,746206,98822,-647384
Iraq,2013,401466,246298,-155168
Iraq,2014,369954,271143,-98811
Iraq,2015,264094,277701,13607
Iraq,2016,316030,261888,-54142
Ireland,2001,3,3598,3595
Ireland,2002,7,5380,5373
Ireland,2003,6,5971,5965
Ireland,2004,3,6542,6539
Ireland,2005,21,7113,7092
Ireland,2006,4,7917,7913
Ireland,2007,10,9333,9323
Ireland,2008,7,9730,9723
Ireland,2009,7,9571,9564
Ireland,2010,8,9107,9099
Ireland,2011,8,8248,8240
Ireland,2012,9,6327,6318
Ireland,2013,9,6001,5992
Ireland,2014,10,5853,5843
Ireland,2015,9,6125,6116
Ireland,2016,5,5731,5726
Islamic Rep. of Iran,2001,92491,1868000,1775509
Islamic Rep. of Iran,2002,138364,1306599,1168235
Islamic Rep. of Iran,2003,122530,984896,862366
Islamic Rep. of Iran,2004,115171,1045976,930805
Islamic Rep. of Iran,2005,99428,974302,874874
Islamic Rep. of Iran,2006,102483,968370,865887
Islamic Rep. of Iran,2007,68397,963546,895149
Islamic Rep. of Iran,2008,69061,980109,911048
Islamic Rep. of Iran,2009,72774,1070488,997714
Islamic Rep. of Iran,2010,68791,1073366,1004575
Islamic Rep. of Iran,2011,72361,886468,814107
Islamic Rep. of Iran,2012,75940,868242,792302
Islamic Rep. of Iran,2013,75070,857354,782284
Islamic Rep. of Iran,2014,82191,982027,899836
Islamic Rep. of Iran,2015,84950,979437,894487
Islamic Rep. of Iran,2016,94094,979435,885341
Israel,2001,363,4168,3805
Israel,2002,564,4179,3615
Israel,2003,625,4179,3554
Israel,2004,672,574,-98
Israel,2005,632,609,-23
Israel,2006,882,837,-45
Israel,2007,1541,1156,-385
Israel,2008,1494,9137,7643
Israel,2009,1310,17736,16426
Israel,2010,1301,25471,24170
Israel,2011,1335,41235,39900
Israel,2012,1340,48505,47165
Israel,2013,1041,48201,47160
Israel,2014,979,39716,38737
Israel,2015,802,32946,32144
Israel,2016,495,32946,32451
Italy,2001,34,8571,8537
Italy,2002,224,10060,9836
Italy,2003,207,12841,12634
Italy,2004,192,15674,15482
Italy,2005,217,20675,20458
Italy,2006,105,26875,26770
Italy,2007,90,38068,37978
Italy,2008,62,47061,46999
Italy,2009,45,54965,54920
Italy,2010,50,56397,56347
Italy,2011,58,58060,58002
Italy,2012,66,64779,64713
Italy,2013,66,76264,76198
Italy,2014,67,93715,93648
Italy,2015,70,118047,117977
Italy,2016,51,147370,147319
Jamaica,2001,37,0,-37
Jamaica,2002,147,0,-147
Jamaica,2003,259,0,-259
Jamaica,2004,350,0,-350
Jamaica,2005,489,0,-489
Jamaica,2006,660,0,-660
Jamaica,2007,766,0,-766
Jamaica,2008,826,0,-826
Jamaica,2009,909,26,-883
Jamaica,2010,1057,21,-1036
Jamaica,2011,1250,20,-1230
Jamaica,2012,1407,20,-1387
Jamaica,2013,1503,21,-1482
Jamaica,2014,1692,22,-1670
Jamaica,2015,1868,12,-1856
Jamaica,2016,2005,15,-1990
Japan,2001,5,3200,3195
Japan,2002,19,2657,2638
Japan,2003,19,2266,2247
Japan,2004,21,1967,1946
Japan,2005,13,1941,1928
Japan,2006,168,1844,1676
Japan,2007,521,1794,1273
Japan,2008,185,2019,1834
Japan,2009,150,2332,2182
Japan,2010,152,2586,2434
Japan,2011,176,2649,2473
Japan,2012,172,2581,2409
Japan,2013,157,2584,2427
Japan,2014,262,2560,2298
Japan,2015,145,2474,2329
Japan,2016,59,2514,2455
Jordan,2001,775,1067,292
Jordan,2002,1287,1199,-88
Jordan,2003,1162,1196,34
Jordan,2004,1170,1100,-70
Jordan,2005,1789,965,-824
Jordan,2006,1603,500229,498626
Jordan,2007,1787,500281,498494
Jordan,2008,1890,500413,498523
Jordan,2009,2129,450756,448627
Jordan,2010,2254,450915,448661
Jordan,2011,2250,451009,448759
Jordan,2012,2368,302707,300339
Jordan,2013,1632,641915,640283
Jordan,2014,1718,654141,652423
Jordan,2015,1841,664118,662277
Jordan,2016,1933,685197,683264
Kazakhstan,2001,2803,19531,16728
Kazakhstan,2002,6315,20610,14295
Kazakhstan,2003,6559,15831,9272
Kazakhstan,2004,6121,15844,9723
Kazakhstan,2005,4316,7265,2949
Kazakhstan,2006,7377,4412,-2965
Kazakhstan,2007,5235,4285,-950
Kazakhstan,2008,4825,4352,-473
Kazakhstan,2009,3744,4340,596
Kazakhstan,2010,3632,4406,774
Kazakhstan,2011,3500,616,-2884
Kazakhstan,2012,3571,564,-3007
Kazakhstan,2013,2123,584,-1539
Kazakhstan,2014,2224,633,-1591
Kazakhstan,2015,2267,708,-1559
Kazakhstan,2016,2364,653,-1711
Kenya,2001,2559,239221,236662
Kenya,2002,3098,233671,230573
Kenya,2003,3163,237512,234349
Kenya,2004,3847,239835,235988
Kenya,2005,4640,251271,246631
Kenya,2006,5357,272531,267174
Kenya,2007,7546,265729,258183
Kenya,2008,9688,320605,310917
Kenya,2009,9620,358928,349308
Kenya,2010,8602,402905,394303
Kenya,2011,8745,566487,557742
Kenya,2012,8950,564933,555983
Kenya,2013,8586,534938,526352
Kenya,2014,8553,551352,542799
Kenya,2015,7906,553912,546006
Kenya,2016,7535,451099,443564
Kiribati,2002,3,0,-3
Kiribati,2003,16,0,-16
Kiribati,2004,32,0,-32
Kiribati,2005,33,0,-33
Kiribati,2006,41,0,-41
Kiribati,2007,38,0,-38
Kiribati,2008,38,0,-38
Kiribati,2009,33,0,-33
Kiribati,2010,33,0,-33
Kiribati,2011,33,0,-33
Kiribati,2012,33,0,-33
Kiribati,2013,20,0,-20
Kiribati,2014,3,0,-3
Kiribati,2015,2,0,-2
Kiribati,2016,1,0,-1
Kuwait,2001,701,1255,554
Kuwait,2002,709,1521,812
Kuwait,2003,616,1518,902
Kuwait,2004,398,1519,1121
Kuwait,2005,381,1523,1142
Kuwait,2006,617,50,-567
Kuwait,2007,746,38159,37413
Kuwait,2008,854,38238,37384
Kuwait,2009,938,221,-717
Kuwait,2010,988,184,-804
Kuwait,2011,1120,335,-785
Kuwait,2012,1197,674,-523
Kuwait,2013,977,635,-342
Kuwait,2014,981,614,-367
Kuwait,2015,1085,741,-344
Kuwait,2016,1021,939,-82
Kyrgyzstan,2001,685,9296,8611
Kyrgyzstan,2002,2950,7708,4758
Kyrgyzstan,2003,3141,5591,2450
Kyrgyzstan,2004,3284,3753,469
Kyrgyzstan,2005,3122,2598,-524
Kyrgyzstan,2006,2488,366,-2122
Kyrgyzstan,2007,2254,723,-1531
Kyrgyzstan,2008,2517,375,-2142
Kyrgyzstan,2009,2612,423,-2189
Kyrgyzstan,2010,2744,2458,-286
Kyrgyzstan,2011,3162,6095,2933
Kyrgyzstan,2012,3489,4941,1452
Kyrgyzstan,2013,2301,466,-1835
Kyrgyzstan,2014,2451,482,-1969
Kyrgyzstan,2015,2502,354,-2148
Kyrgyzstan,2016,2573,339,-2234
Lao People's Dem. Rep.,2001,12631,0,-12631
Lao People's Dem. Rep.,2002,11235,0,-11235
Lao People's Dem. Rep.,2003,10363,0,-10363
Lao People's Dem. Rep.,2004,16114,0,-16114
Lao People's Dem. Rep.,2005,24442,0,-24442
Lao People's Dem. Rep.,2006,26447,0,-26447
Lao People's Dem. Rep.,2007,10013,0,-10013
Lao People's Dem. Rep.,2008,8598,0,-8598
Lao People's Dem. Rep.,2009,8398,0,-8398
Lao People's Dem. Rep.,2010,8414,0,-8414
Lao People's Dem. Rep.,2011,8088,0,-8088
Lao People's Dem. Rep.,2012,7984,0,-7984
Lao People's Dem. Rep.,2013,7745,0,-7745
Lao People's Dem. Rep.,2014,7482,0,-7482
Lao People's Dem. Rep.,2015,7363,0,-7363
Lao People's Dem. Rep.,2016,7232,0,-7232
Latvia,2001,619,8,-611
Latvia,2002,3082,7,-3075
Latvia,2003,3177,17,-3160
Latvia,2004,2826,11,-2815
Latvia,2005,2430,11,-2419
Latvia,2006,1424,21,-1403
Latvia,2007,662,29,-633
Latvia,2008,763,32,-731
Latvia,2009,791,43,-748
Latvia,2010,713,68,-645
Latvia,2011,709,95,-614
Latvia,2012,662,125,-537
Latvia,2013,233,160,-73
Latvia,2014,213,183,-30
Latvia,2015,193,208,15
Latvia,2016,172,349,177
Lebanon,2001,8763,2815,-5948
Lebanon,2002,26320,2820,-23500
Lebanon,2003,24932,2522,-22410
Lebanon,2004,19865,1753,-18112
Lebanon,2005,18323,1078,-17245
Lebanon,2006,12252,20164,7912
Lebanon,2007,13094,50337,37243
Lebanon,2008,12967,50419,37452
Lebanon,2009,16260,50413,34153
Lebanon,2010,15869,8063,-7806
Lebanon,2011,15013,8990,-6023
Lebanon,2012,15106,133940,118834
Lebanon,2013,3819,856546,852727
Lebanon,2014,4273,1154040,1149767
Lebanon,2015,4369,1070854,1066485
Lebanon,2016,4740,1012969,1008229
Lesotho,2001,1,39,38
Lesotho,2002,4,0,-4
Lesotho,2003,6,0,-6
Lesotho,2004,7,0,-7
Lesotho,2005,6,0,-6
Lesotho,2006,8,0,-8
Lesotho,2007,7,0,-7
Lesotho,2008,8,0,-8
Lesotho,2009,10,0,-10
Lesotho,2010,11,0,-11
Lesotho,2011,11,34,23
Lesotho,2012,13,34,21
Lesotho,2013,15,30,15
Lesotho,2014,17,44,27
Lesotho,2015,17,31,14
Lesotho,2016,12,45,33
Liberia,2001,244608,54760,-189848
Liberia,2002,275422,64956,-210466
Liberia,2003,353344,33997,-319347
Liberia,2004,335470,15172,-320298
Liberia,2005,231139,10168,-220971
Liberia,2006,160548,16185,-144363
Liberia,2007,91540,10466,-81074
Liberia,2008,75213,10224,-64989
Liberia,2009,71599,6952,-64647
Liberia,2010,70129,24743,-45386
Liberia,2011,66780,128293,61513
Liberia,2012,23428,65909,42481
Liberia,2013,17558,53253,35695
Liberia,2014,13572,38595,25023
Liberia,2015,9991,36505,26514
Liberia,2016,6573,18990,12417
Libya,2001,888,11664,10776
Libya,2002,1456,11666,10210
Libya,2003,1570,11897,10327
Libya,2004,1713,12166,10453
Libya,2005,1575,12166,10591
Libya,2006,1573,2760,1187
Libya,2007,1954,4098,2144
Libya,2008,2084,6713,4629
Libya,2009,2202,9005,6803
Libya,2010,2309,7923,5614
Libya,2011,4384,10130,5746
Libya,2012,5251,7065,1814
Libya,2013,3314,25561,22247
Libya,2014,4203,27964,23761
Libya,2015,6090,9305,3215
Libya,2016,8836,9310,474
Liechtenstein,2001,0,141,141
Liechtenstein,2002,0,128,128
Liechtenstein,2003,0,149,149
Liechtenstein,2004,0,149,149
Liechtenstein,2005,0,150,150
Liechtenstein,2006,0,277,277
Liechtenstein,2007,0,283,283
Liechtenstein,2008,0,89,89
Liechtenstein,2009,0,91,91
Liechtenstein,2010,0,92,92
Liechtenstein,2011,0,94,94
Liechtenstein,2012,0,102,102
Liechtenstein,2013,0,97,97
Liechtenstein,2014,0,103,103
Liechtenstein,2015,0,150,150
Liechtenstein,2016,0,163,163
Lithuania,2001,216,287,71
Lithuania,2002,1371,368,-1003
Lithuania,2003,1541,403,-1138
Lithuania,2004,1476,470,-1006
Lithuania,2005,1448,531,-917
Lithuania,2006,942,531,-411
Lithuania,2007,466,688,222
Lithuania,2008,490,751,261
Lithuania,2009,501,793,292
Lithuania,2010,515,803,288
Lithuania,2011,528,821,293
Lithuania,2012,491,871,380
Lithuania,2013,220,916,696
Lithuania,2014,183,1007,824
Lithuania,2015,144,1093,949
Lithuania,2016,73,1093,1020
Luxembourg,2001,0,1201,1201
Luxembourg,2002,0,1201,1201
Luxembourg,2003,0,1201,1201
Luxembourg,2004,1,1590,1589
Luxembourg,2005,1,1822,1821
Luxembourg,2006,2,2206,2204
Luxembourg,2007,2,2737,2735
Luxembourg,2008,0,3109,3109
Luxembourg,2009,0,3230,3230
Luxembourg,2010,0,3254,3254
Luxembourg,2011,0,2855,2855
Luxembourg,2012,0,2910,2910
Luxembourg,2013,1,920,919
Luxembourg,2014,2,1108,1106
Luxembourg,2015,2,1332,1330
Luxembourg,2016,2,2046,2044
"Macao SAR, China",2001,8,0,-8
"Macao SAR, China",2002,15,0,-15
"Macao SAR, China",2003,15,0,-15
"Macao SAR, China",2004,20,0,-20
"Macao SAR, China",2005,9,0,-9
"Macao SAR, China",2006,9,0,-9
"Macao SAR, China",2007,9,0,-9
"Macao SAR, China",2008,9,0,-9
"Macao SAR, China",2009,9,6,-3
"Macao SAR, China",2010,10,0,-10
"Macao SAR, China",2011,10,1,-9
"Macao SAR, China",2012,1,0,-1
"Macao SAR, China",2013,1,0,-1
"Macao SAR, China",2014,5,0,-5
"Macao SAR, China",2015,5,0,-5
"Macao SAR, China",2016,4,0,-4
Madagascar,2001,40,34,-6
Madagascar,2002,53,0,-53
Madagascar,2003,88,0,-88
Madagascar,2004,135,0,-135
Madagascar,2005,203,0,-203
Madagascar,2006,260,0,-260
Madagascar,2007,284,0,-284
Madagascar,2008,277,0,-277
Madagascar,2009,274,0,-274
Madagascar,2010,270,0,-270
Madagascar,2011,289,9,-280
Madagascar,2012,301,9,-292
Madagascar,2013,296,12,-284
Madagascar,2014,281,11,-270
Madagascar,2015,286,10,-276
Madagascar,2016,297,28,-269
Malawi,2001,25,6200,6175
Malawi,2002,48,2166,2118
Malawi,2003,59,3202,3143
Malawi,2004,94,3682,3588
Malawi,2005,101,4240,4139
Malawi,2006,113,3943,3830
Malawi,2007,97,2929,2832
Malawi,2008,106,4175,4069
Malawi,2009,130,5443,5313
Malawi,2010,171,5740,5569
Malawi,2011,222,6308,6086
Malawi,2012,277,6544,6267
Malawi,2013,326,5796,5470
Malawi,2014,361,5874,5513
Malawi,2015,426,9019,8593
Malawi,2016,427,9392,8965
Malaysia,2001,79,50466,50387
Malaysia,2002,119,50612,50493
Malaysia,2003,239,7424,7185
Malaysia,2004,292,24905,24613
Malaysia,2005,394,33693,33299
Malaysia,2006,584,37170,36586
Malaysia,2007,615,32658,32043
Malaysia,2008,608,36671,36063
Malaysia,2009,532,66137,65605
Malaysia,2010,552,81516,80964
Malaysia,2011,537,86680,86143
Malaysia,2012,531,90185,89654
Malaysia,2013,485,97513,97028
Malaysia,2014,468,99381,98913
Malaysia,2015,439,94166,93727
Malaysia,2016,456,92263,91807
Maldives,2001,3,0,-3
Maldives,2002,3,0,-3
Maldives,2003,1,0,-1
Maldives,2004,3,0,-3
Maldives,2005,13,0,-13
Maldives,2006,16,0,-16
Maldives,2007,17,0,-17
Maldives,2008,16,0,-16
Maldives,2009,16,0,-16
Maldives,2010,19,0,-19
Maldives,2011,21,0,-21
Maldives,2012,24,0,-24
Maldives,2013,31,0,-31
Maldives,2014,36,0,-36
Maldives,2015,42,0,-42
Maldives,2016,57,0,-57
Mali,2001,311,8439,8128
Mali,2002,531,9095,8564
Mali,2003,461,10009,9548
Mali,2004,483,11256,10773
Mali,2005,520,11233,10713
Mali,2006,593,10585,9992
Mali,2007,4494,9203,4709
Mali,2008,1758,9578,7820
Mali,2009,2926,13538,10612
Mali,2010,3663,13558,9895
Mali,2011,4295,15624,11329
Mali,2012,149943,13928,-136015
Mali,2013,152828,14316,-138512
Mali,2014,139267,15195,-124072
Mali,2015,154213,15917,-138296
Mali,2016,156428,17512,-138916
Malta,2001,7,176,169
Malta,2002,8,307,299
Malta,2003,7,895,888
Malta,2004,3,1558,1555
Malta,2005,5,1939,1934
Malta,2006,28,2404,2376
Malta,2007,9,3000,2991
Malta,2008,9,4332,4323
Malta,2009,9,5955,5946
Malta,2010,6,6136,6130
Malta,2011,6,6952,6946
Malta,2012,6,8248,8242
Malta,2013,6,9906,9900
Malta,2014,5,6095,6090
Malta,2015,1,7075,7074
Malta,2016,0,7948,7948
Marshall Islands,2012,2,0,-2
Marshall Islands,2013,3,0,-3
Marshall Islands,2014,3,0,-3
Marshall Islands,2015,3,0,-3
Marshall Islands,2016,3,0,-3
Mauritania,2001,29862,365,-29497
Mauritania,2002,30137,405,-29732
Mauritania,2003,30525,475,-30050
Mauritania,2004,31112,473,-30639
Mauritania,2005,31651,632,-31019
Mauritania,2006,33428,770,-32658
Mauritania,2007,33108,30471,-2637
Mauritania,2008,45601,27041,-18560
Mauritania,2009,39143,26795,-12348
Mauritania,2010,37733,26717,-11016
Mauritania,2011,39929,26535,-13394
Mauritania,2012,33765,80496,46731
Mauritania,2013,34252,92767,58515
Mauritania,2014,34113,75635,41522
Mauritania,2015,34660,77394,42734
Mauritania,2016,36266,74148,37882
Mauritius,2001,35,14,-21
Mauritius,2002,43,0,-43
Mauritius,2003,61,0,-61
Mauritius,2004,19,0,-19
Mauritius,2005,27,0,-27
Mauritius,2006,80,0,-80
Mauritius,2007,71,0,-71
Mauritius,2008,24,0,-24
Mauritius,2009,23,0,-23
Mauritius,2010,28,0,-28
Mauritius,2011,42,0,-42
Mauritius,2012,62,0,-62
Mauritius,2013,81,0,-81
Mauritius,2014,94,0,-94
Mauritius,2015,103,0,-103
Mauritius,2016,111,0,-111
Mexico,2001,1594,15455,13861
Mexico,2002,1670,12962,11292
Mexico,2003,1652,6075,4423
Mexico,2004,1744,4343,2599
Mexico,2005,2313,3229,916
Mexico,2006,3304,3319,15
Mexico,2007,5572,1616,-3956
Mexico,2008,6162,1055,-5107
Mexico,2009,6435,1235,-5200
Mexico,2010,6816,1395,-5421
Mexico,2011,7472,1677,-5795
Mexico,2012,8435,1520,-6915
Mexico,2013,9390,1831,-7559
Mexico,2014,10666,1837,-8829
Mexico,2015,11333,2923,-8410
Mexico,2016,10385,6202,-4183
Micronesia (Federated States of),2006,0,2,2
Micronesia (Federated States of),2007,0,2,2
Micronesia (Federated States of),2008,0,1,1
Micronesia (Federated States of),2009,0,1,1
Micronesia (Federated States of),2015,0,3,3
Micronesia (Federated States of),2016,0,4,4
Monaco,2002,1,0,-1
Monaco,2003,1,0,-1
Monaco,2009,1,0,-1
Monaco,2010,2,0,-2
Monaco,2011,4,37,33
Monaco,2012,4,37,33
Monaco,2013,3,34,31
Monaco,2014,3,33,30
Monaco,2015,3,32,29
Monaco,2016,3,32,29
Mongolia,2001,60,0,-60
Mongolia,2002,280,0,-280
Mongolia,2003,324,0,-324
Mongolia,2004,442,0,-442
Mongolia,2005,654,0,-654
Mongolia,2006,867,5,-862
Mongolia,2007,1101,5,-1096
Mongolia,2008,1333,11,-1322
Mongolia,2009,1495,11,-1484
Mongolia,2010,1724,12,-1712
Mongolia,2011,1985,1,-1984
Mongolia,2012,2114,4,-2110
Mongolia,2013,2059,9,-2050
Mongolia,2014,2163,6,-2157
Mongolia,2015,2199,9,-2190
Mongolia,2016,2285,8,-2277
Montenegro,2006,135,6926,6791
Montenegro,2007,557,8528,7971
Montenegro,2008,1283,24741,23458
Montenegro,2009,2582,24019,21437
Montenegro,2010,3246,16364,13118
Montenegro,2011,3698,12874,9176
Montenegro,2012,4054,11198,7144
Montenegro,2013,546,8476,7930
Montenegro,2014,607,6462,5855
Montenegro,2015,651,1771,1120
Montenegro,2016,718,974,256
Morocco,2001,363,2091,1728
Morocco,2002,1269,2127,858
Morocco,2003,1291,2121,830
Morocco,2004,1318,195,-1123
Morocco,2005,2920,219,-2701
Morocco,2006,4709,503,-4206
Morocco,2007,4039,786,-3253
Morocco,2008,3533,766,-2767
Morocco,2009,2286,773,-1513
Morocco,2010,2284,792,-1492
Morocco,2011,2312,736,-1576
Morocco,2012,2407,744,-1663
Morocco,2013,1308,1470,162
Morocco,2014,1539,1216,-323
Morocco,2015,1786,3908,2122
Morocco,2016,2262,4771,2509
Mozambique,2001,46,207,161
Mozambique,2002,130,207,77
Mozambique,2003,111,311,200
Mozambique,2004,104,623,519
Mozambique,2005,104,1954,1850
Mozambique,2006,231,2558,2327
Mozambique,2007,222,2767,2545
Mozambique,2008,208,3163,2955
Mozambique,2009,136,3547,3411
Mozambique,2010,131,4077,3946
Mozambique,2011,155,4079,3924
Mozambique,2012,160,4398,4238
Mozambique,2013,56,4445,4389
Mozambique,2014,58,4536,4478
Mozambique,2015,57,5622,5565
Mozambique,2016,50,4671,4621
Myanmar,2001,145856,0,-145856
Myanmar,2002,148501,0,-148501
Myanmar,2003,151384,0,-151384
Myanmar,2004,161013,0,-161013
Myanmar,2005,164864,0,-164864
Myanmar,2006,202826,0,-202826
Myanmar,2007,191313,0,-191313
Myanmar,2008,184413,0,-184413
Myanmar,2009,406669,0,-406669
Myanmar,2010,415670,0,-415670
Myanmar,2011,414626,0,-414626
Myanmar,2012,415371,0,-415371
Myanmar,2013,479606,0,-479606
Myanmar,2014,479006,0,-479006
Myanmar,2015,451805,0,-451805
Myanmar,2016,490289,0,-490289
Namibia,2001,2297,30885,28588
Namibia,2002,1302,21651,20349
Namibia,2003,1293,19800,18507
Namibia,2004,1314,14773,13459
Namibia,2005,1226,5307,4081
Namibia,2006,1202,5462,4260
Namibia,2007,1128,6525,5397
Namibia,2008,985,6799,5814
Namibia,2009,921,7163,6242
Namibia,2010,1017,7254,6237
Namibia,2011,1073,6049,4976
Namibia,2012,1098,1806,708
Namibia,2013,1143,2332,1189
Namibia,2014,1253,1767,514
Namibia,2015,1277,1737,460
Namibia,2016,1366,1757,391
Nauru,2003,3,0,-3
Nauru,2006,3,0,-3
Nauru,2007,3,0,-3
Nauru,2008,3,0,-3
Nauru,2014,0,389,389
Nauru,2015,0,506,506
Nauru,2016,0,506,506
Nepal,2001,306,130945,130639
Nepal,2002,902,132436,131534
Nepal,2003,1231,123667,122436
Nepal,2004,1416,124928,123512
Nepal,2005,2065,126436,124371
Nepal,2006,2647,128175,125528
Nepal,2007,3364,130681,127317
Nepal,2008,4189,124832,120643
Nepal,2009,5108,108461,103353
Nepal,2010,5889,89808,83919
Nepal,2011,6854,72654,65800
Nepal,2012,7612,56264,48652
Nepal,2013,8110,46305,38195
Nepal,2014,8563,38490,29927
Nepal,2015,9063,32667,23604
Nepal,2016,8377,25249,16872
Netherlands,2001,4,151928,151924
Netherlands,2002,30,148362,148332
Netherlands,2003,44,140886,140842
Netherlands,2004,48,126805,126757
Netherlands,2005,159,118189,118030
Netherlands,2006,39,100574,100535
Netherlands,2007,43,86587,86544
Netherlands,2008,46,77600,77554
Netherlands,2009,44,76008,75964
Netherlands,2010,53,74961,74908
Netherlands,2011,64,74598,74534
Netherlands,2012,71,71909,71838
Netherlands,2013,64,74707,74643
Netherlands,2014,68,82494,82426
Netherlands,2015,69,88536,88467
Netherlands,2016,37,101744,101707
New Zealand,2001,0,5264,5264
New Zealand,2002,2,5757,5755
New Zealand,2003,1,5807,5806
New Zealand,2004,3,5350,5347
New Zealand,2005,4,5307,5303
New Zealand,2006,8,4906,4898
New Zealand,2007,13,2740,2727
New Zealand,2008,10,2716,2706
New Zealand,2009,10,3289,3279
New Zealand,2010,15,2307,2292
New Zealand,2011,18,1934,1916
New Zealand,2012,20,1517,1497
New Zealand,2013,17,1403,1386
New Zealand,2014,17,1349,1332
New Zealand,2015,19,1337,1318
New Zealand,2016,28,1421,1393
Nicaragua,2001,4399,325,-4074
Nicaragua,2002,4050,325,-3725
Nicaragua,2003,3983,300,-3683
Nicaragua,2004,1821,292,-1529
Nicaragua,2005,1463,227,-1236
Nicaragua,2006,1828,199,-1629
Nicaragua,2007,1900,184,-1716
Nicaragua,2008,1537,147,-1390
Nicaragua,2009,1478,120,-1358
Nicaragua,2010,1431,64,-1367
Nicaragua,2011,1468,86,-1382
Nicaragua,2012,1531,129,-1402
Nicaragua,2013,1538,189,-1349
Nicaragua,2014,1587,280,-1307
Nicaragua,2015,1476,330,-1146
Nicaragua,2016,1419,331,-1088
Niger,2001,483,83,-400
Niger,2002,834,296,-538
Niger,2003,728,328,-400
Niger,2004,689,344,-345
Niger,2005,655,301,-354
Niger,2006,818,317,-501
Niger,2007,827,319,-508
Niger,2008,796,320,-476
Niger,2009,822,325,-497
Niger,2010,803,314,-489
Niger,2011,819,302,-517
Niger,2012,832,50510,49678
Niger,2013,683,57661,56978
Niger,2014,739,77830,77091
Niger,2015,1390,124721,123331
Niger,2016,1235,166093,164858
Nigeria,2001,6084,7200,1116
Nigeria,2002,24572,7355,-17217
Nigeria,2003,24428,9171,-15257
Nigeria,2004,23890,8395,-15495
Nigeria,2005,22128,9019,-13109
Nigeria,2006,13253,8768,-4485
Nigeria,2007,13904,8460,-5444
Nigeria,2008,14169,10124,-4045
Nigeria,2009,15609,9127,-6482
Nigeria,2010,15642,8747,-6895
Nigeria,2011,17141,8806,-8335
Nigeria,2012,18021,3154,-14867
Nigeria,2013,31176,1694,-29482
Nigeria,2014,90947,1239,-89708
Nigeria,2015,167989,1395,-166594
Nigeria,2016,229311,1367,-227944
Niue,2011,7,0,-7
Niue,2012,10,0,-10
Niue,2013,14,0,-14
Niue,2014,18,0,-18
Niue,2015,18,0,-18
Niue,2016,19,0,-19
Norfolk Island,2014,1,0,-1
Norfolk Island,2015,1,0,-1
Norfolk Island,2016,1,0,-1
Norway,2001,3,50128,50125
Norway,2002,5,50432,50427
Norway,2003,6,46109,46103
Norway,2004,5,44046,44041
Norway,2005,15,43034,43019
Norway,2006,4,43336,43332
Norway,2007,3,34522,34519
Norway,2008,4,36101,36097
Norway,2009,4,37826,37822
Norway,2010,7,40260,40253
Norway,2011,7,40691,40684
Norway,2012,9,42822,42813
Norway,2013,13,46106,46093
Norway,2014,13,47043,47030
Norway,2015,12,50389,50377
Norway,2016,10,59522,59512
Oman,2001,5,0,-5
Oman,2002,19,0,-19
Oman,2003,11,0,-11
Oman,2004,18,7,-11
Oman,2005,12,7,-5
Oman,2006,38,7,-31
Oman,2007,43,7,-36
Oman,2008,56,7,-49
Oman,2009,64,26,-38
Oman,2010,63,78,15
Oman,2011,60,83,23
Oman,2012,65,138,73
Oman,2013,26,138,112
Oman,2014,29,151,122
Oman,2015,37,245,208
Oman,2016,38,317,279
Pakistan,2001,12324,2198797,2186473
Pakistan,2002,23163,1227433,1204270
Pakistan,2003,24389,1124298,1099909
Pakistan,2004,25952,1290984,1265032
Pakistan,2005,29913,1084694,1054781
Pakistan,2006,25639,1044462,1018823
Pakistan,2007,31858,2035023,2003165
Pakistan,2008,32403,1780935,1748532
Pakistan,2009,35132,1740711,1705579
Pakistan,2010,39982,1900621,1860639
Pakistan,2011,35952,1702700,1666748
Pakistan,2012,49785,1638456,1588671
Pakistan,2013,48686,1616507,1567821
Pakistan,2014,335961,1505525,1169564
Pakistan,2015,297899,1561162,1263263
Pakistan,2016,105428,1352560,1247132
Palau,2007,1,0,-1
Palau,2008,1,0,-1
Palau,2009,0,11,11
Palau,2011,0,1,1
Palau,2012,0,1,1
Palau,2013,1,1,0
Palau,2014,1,1,0
Palau,2015,2,0,-2
Palau,2016,2,1,-1
Panama,2001,37,1474,1437
Panama,2002,44,1573,1529
Panama,2003,30,1445,1415
Panama,2004,40,1608,1568
Panama,2005,42,1730,1688
Panama,2006,75,1848,1773
Panama,2007,109,16890,16781
Panama,2008,111,16913,16802
Panama,2009,105,16923,16818
Panama,2010,100,17073,16973
Panama,2011,100,17262,17162
Panama,2012,107,17429,17322
Panama,2013,105,17665,17560
Panama,2014,89,17271,17182
Panama,2015,69,17322,17253
Panama,2016,40,17350,17310
Papua New Guinea,2001,8,4941,4933
Papua New Guinea,2002,16,4941,4925
Papua New Guinea,2003,18,7491,7473
Papua New Guinea,2004,18,7627,7609
Papua New Guinea,2005,23,9999,9976
Papua New Guinea,2006,31,10183,10152
Papua New Guinea,2007,36,10003,9967
Papua New Guinea,2008,46,10006,9960
Papua New Guinea,2009,70,9703,9633
Papua New Guinea,2010,89,9698,9609
Papua New Guinea,2011,128,9377,9249
Papua New Guinea,2012,174,9383,9209
Papua New Guinea,2013,221,9378,9157
Papua New Guinea,2014,288,9510,9222
Papua New Guinea,2015,339,9510,9171
Papua New Guinea,2016,399,9536,9137
Paraguay,2001,8,21,13
Paraguay,2002,31,21,-10
Paraguay,2003,32,28,-4
Paraguay,2004,37,41,4
Paraguay,2005,44,50,6
Paraguay,2006,105,59,-46
Paraguay,2007,102,62,-40
Paraguay,2008,101,75,-26
Paraguay,2009,77,89,12
Paraguay,2010,86,107,21
Paraguay,2011,91,124,33
Paraguay,2012,101,133,32
Paraguay,2013,95,136,41
Paraguay,2014,94,153,59
Paraguay,2015,91,172,81
Paraguay,2016,71,204,133
Peru,2001,6502,683,-5819
Peru,2002,6430,688,-5742
Peru,2003,5581,718,-4863
Peru,2004,4769,766,-4003
Peru,2005,4865,848,-4017
Peru,2006,6986,911,-6075
Peru,2007,7743,995,-6748
Peru,2008,7339,1075,-6264
Peru,2009,6271,1108,-5163
Peru,2010,5834,1146,-4688
Peru,2011,5491,1144,-4347
Peru,2012,5212,1122,-4090
Peru,2013,4768,1162,-3606
Peru,2014,4343,1303,-3040
Peru,2015,3599,1488,-2111
Peru,2016,2609,1649,-960
Philippines,2001,45467,136,-45331
Philippines,2002,45608,114,-45494
Philippines,2003,412,108,-304
Philippines,2004,434,107,-327
Philippines,2005,465,96,-369
Philippines,2006,886,100,-786
Philippines,2007,1552,106,-1446
Philippines,2008,1354,104,-1250
Philippines,2009,993,95,-898
Philippines,2010,970,243,-727
Philippines,2011,952,125,-827
Philippines,2012,986,141,-845
Philippines,2013,724,182,-542
Philippines,2014,670,222,-448
Philippines,2015,593,269,-324
Philippines,2016,434,408,-26
Poland,2001,3191,1311,-1880
Poland,2002,16712,1591,-15121
Poland,2003,15211,1836,-13375
Poland,2004,10680,2507,-8173
Poland,2005,19641,4604,-15037
Poland,2006,13513,6790,-6723
Poland,2007,2915,10053,7138
Poland,2008,2391,12774,10383
Poland,2009,2059,15320,13261
Poland,2010,1764,15555,13791
Poland,2011,1815,15847,14032
Poland,2012,1640,15911,14271
Poland,2013,1429,16438,15009
Poland,2014,1310,15741,14431
Poland,2015,1297,14065,12768
Poland,2016,1159,11747,10588
Portugal,2001,17,449,432
Portugal,2002,62,462,400
Portugal,2003,55,418,363
Portugal,2004,47,377,330
Portugal,2005,74,363,289
Portugal,2006,25,333,308
Portugal,2007,32,353,321
Portugal,2008,36,403,367
Portugal,2009,31,389,358
Portugal,2010,30,384,354
Portugal,2011,28,408,380
Portugal,2012,32,483,451
Portugal,2013,32,598,566
Portugal,2014,31,699,668
Portugal,2015,28,853,825
Portugal,2016,19,1194,1175
Qatar,2001,0,67,67
Qatar,2002,8,46,38
Qatar,2003,13,46,33
Qatar,2004,10,46,36
Qatar,2005,11,46,35
Qatar,2006,52,46,-6
Qatar,2007,62,46,-16
Qatar,2008,71,13,-58
Qatar,2009,68,29,-39
Qatar,2010,112,51,-61
Qatar,2011,95,80,-15
Qatar,2012,124,80,-44
Qatar,2013,17,130,113
Qatar,2014,21,133,112
Qatar,2015,20,120,100
Qatar,2016,29,177,148
Rep. of Korea,2001,83,7,-76
Rep. of Korea,2002,245,17,-228
Rep. of Korea,2003,237,25,-212
Rep. of Korea,2004,272,44,-228
Rep. of Korea,2005,268,69,-199
Rep. of Korea,2006,1334,96,-1238
Rep. of Korea,2007,1188,118,-1070
Rep. of Korea,2008,1104,172,-932
Rep. of Korea,2009,573,268,-305
Rep. of Korea,2010,585,358,-227
Rep. of Korea,2011,514,401,-113
Rep. of Korea,2012,558,487,-71
Rep. of Korea,2013,500,548,48
Rep. of Korea,2014,481,1173,692
Rep. of Korea,2015,353,1463,1110
Rep. of Korea,2016,250,1807,1557
Rep. of Moldova,2001,3737,159,-3578
Rep. of Moldova,2002,10130,173,-9957
Rep. of Moldova,2003,11146,102,-11044
Rep. of Moldova,2004,11938,57,-11881
Rep. of Moldova,2005,12064,84,-11980
Rep. of Moldova,2006,11680,161,-11519
Rep. of Moldova,2007,4918,151,-4767
Rep. of Moldova,2008,5555,148,-5407
Rep. of Moldova,2009,5925,141,-5784
Rep. of Moldova,2010,6200,148,-6052
Rep. of Moldova,2011,6264,146,-6118
Rep. of Moldova,2012,6148,185,-5963
Rep. of Moldova,2013,2207,250,-1957
Rep. of Moldova,2014,2233,335,-1898
Rep. of Moldova,2015,2289,446,-1843
Rep. of Moldova,2016,2318,432,-1886
Romania,2001,6052,1805,-4247
Romania,2002,8847,1857,-6990
Romania,2003,8387,2011,-6376
Romania,2004,6045,1627,-4418
Romania,2005,11502,2056,-9446
Romania,2006,7234,1658,-5576
Romania,2007,5306,1757,-3549
Romania,2008,4756,1596,-3160
Romania,2009,4358,1069,-3289
Romania,2010,3934,1021,-2913
Romania,2011,3428,1005,-2423
Romania,2012,2807,1262,-1545
Romania,2013,2330,1770,-560
Romania,2014,1918,2182,264
Romania,2015,1735,2598,863
Romania,2016,1199,2905,1706
Russian Federation,2001,45156,17970,-27186
Russian Federation,2002,91626,14969,-76657
Russian Federation,2003,96420,9899,-86521
Russian Federation,2004,108100,1852,-106248
Russian Federation,2005,103037,1523,-101514
Russian Federation,2006,159381,1425,-157956
Russian Federation,2007,93224,1655,-91569
Russian Federation,2008,103061,3479,-99582
Russian Federation,2009,109455,4880,-104575
Russian Federation,2010,111948,4922,-107026
Russian Federation,2011,109785,3914,-105871
Russian Federation,2012,110588,3178,-107410
Russian Federation,2013,74316,3458,-70858
Russian Federation,2014,70562,235750,165188
Russian Federation,2015,67020,314507,247487
Russian Federation,2016,62759,228990,166231
Rwanda,2001,84513,34786,-49727
Rwanda,2002,75257,30863,-44394
Rwanda,2003,75263,36608,-38655
Rwanda,2004,63804,50221,-13583
Rwanda,2005,100264,45206,-55058
Rwanda,2006,92966,49192,-43774
Rwanda,2007,80964,53577,-27387
Rwanda,2008,72530,55062,-17468
Rwanda,2009,129109,54016,-75093
Rwanda,2010,115524,55398,-60126
Rwanda,2011,106833,55325,-51508
Rwanda,2012,97373,58212,-39161
Rwanda,2013,83955,73349,-10606
Rwanda,2014,79408,73820,-5588
Rwanda,2015,286366,144737,-141629
Rwanda,2016,286073,156065,-130008
Saint Kitts and Nevis,2002,2,0,-2
Saint Kitts and Nevis,2003,1,0,-1
Saint Kitts and Nevis,2004,1,0,-1
Saint Kitts and Nevis,2005,31,0,-31
Saint Kitts and Nevis,2006,2,0,-2
Saint Kitts and Nevis,2007,2,0,-2
Saint Kitts and Nevis,2008,4,0,-4
Saint Kitts and Nevis,2009,4,0,-4
Saint Kitts and Nevis,2010,7,0,-7
Saint Kitts and Nevis,2011,9,0,-9
Saint Kitts and Nevis,2012,12,0,-12
Saint Kitts and Nevis,2013,15,0,-15
Saint Kitts and Nevis,2014,23,1,-22
Saint Kitts and Nevis,2015,28,0,-28
Saint Kitts and Nevis,2016,49,0,-49
Saint Lucia,2001,9,0,-9
Saint Lucia,2002,10,0,-10
Saint Lucia,2003,16,0,-16
Saint Lucia,2004,34,0,-34
Saint Lucia,2005,99,0,-99
Saint Lucia,2006,163,0,-163
Saint Lucia,2007,227,0,-227
Saint Lucia,2008,288,0,-288
Saint Lucia,2009,314,0,-314
Saint Lucia,2010,334,0,-334
Saint Lucia,2011,433,2,-431
Saint Lucia,2012,566,2,-564
Saint Lucia,2013,710,5,-705
Saint Lucia,2014,922,3,-919
Saint Lucia,2015,1011,1,-1010
Saint Lucia,2016,994,2,-992
Saint Vincent and the Grenadines,2001,67,0,-67
Saint Vincent and the Grenadines,2002,81,0,-81
Saint Vincent and the Grenadines,2003,105,0,-105
Saint Vincent and the Grenadines,2004,181,0,-181
Saint Vincent and the Grenadines,2005,279,0,-279
Saint Vincent and the Grenadines,2006,387,0,-387
Saint Vincent and the Grenadines,2007,646,0,-646
Saint Vincent and the Grenadines,2008,750,0,-750
Saint Vincent and the Grenadines,2009,849,0,-849
Saint Vincent and the Grenadines,2010,946,0,-946
Saint Vincent and the Grenadines,2011,1127,0,-1127
Saint Vincent and the Grenadines,2012,1316,0,-1316
Saint Vincent and the Grenadines,2013,1535,0,-1535
Saint Vincent and the Grenadines,2014,1736,0,-1736
Saint Vincent and the Grenadines,2015,1823,0,-1823
Saint Vincent and the Grenadines,2016,1333,0,-1333
Samoa,2001,1,0,-1
Samoa,2006,3,0,-3
Samoa,2007,2,0,-2
Samoa,2008,4,0,-4
Samoa,2010,1,0,-1
Samoa,2011,1,0,-1
Samoa,2012,1,0,-1
Samoa,2013,1,0,-1
Samoa,2014,1,0,-1
Samoa,2015,1,0,-1
Samoa,2016,1,3,2
San Marino,2002,3,0,-3
San Marino,2003,1,0,-1
San Marino,2004,1,0,-1
San Marino,2005,1,0,-1
San Marino,2006,2,0,-2
San Marino,2007,2,0,-2
San Marino,2008,1,0,-1
San Marino,2009,1,0,-1
San Marino,2010,2,0,-2
San Marino,2011,1,0,-1
San Marino,2012,1,0,-1
San Marino,2013,1,0,-1
San Marino,2014,1,0,-1
San Marino,2015,1,0,-1
San Marino,2016,2,0,-2
Sao Tome and Principe,2001,23,0,-23
Sao Tome and Principe,2002,39,0,-39
Sao Tome and Principe,2003,42,0,-42
Sao Tome and Principe,2004,39,0,-39
Sao Tome and Principe,2005,24,0,-24
Sao Tome and Principe,2006,32,0,-32
Sao Tome and Principe,2007,33,0,-33
Sao Tome and Principe,2008,35,0,-35
Sao Tome and Principe,2009,33,0,-33
Sao Tome and Principe,2010,33,0,-33
Sao Tome and Principe,2011,33,0,-33
Sao Tome and Principe,2012,32,0,-32
Sao Tome and Principe,2013,31,0,-31
Sao Tome and Principe,2014,22,0,-22
Sao Tome and Principe,2015,22,0,-22
Sao Tome and Principe,2016,29,0,-29
Saudi Arabia,2001,35,245268,245233
Saudi Arabia,2002,109,245290,245181
Saudi Arabia,2003,236,240835,240599
Saudi Arabia,2004,214,240552,240338
Saudi Arabia,2005,151,240701,240550
Saudi Arabia,2006,617,240772,240155
Saudi Arabia,2007,753,240742,239989
Saudi Arabia,2008,712,240572,239860
Saudi Arabia,2009,633,575,-58
Saudi Arabia,2010,667,582,-85
Saudi Arabia,2011,745,599,-146
Saudi Arabia,2012,818,577,-241
Saudi Arabia,2013,584,559,-25
Saudi Arabia,2014,630,561,-69
Saudi Arabia,2015,701,125,-576
Saudi Arabia,2016,936,140,-796
Senegal,2001,8559,20707,12148
Senegal,2002,12069,20711,8642
Senegal,2003,8351,20726,12375
Senegal,2004,8332,20804,12472
Senegal,2005,8671,20712,12041
Senegal,2006,15163,20591,5428
Senegal,2007,15896,20421,4525
Senegal,2008,16006,33193,17187
Senegal,2009,16305,22151,5846
Senegal,2010,16267,20672,4405
Senegal,2011,17722,20644,2922
Senegal,2012,18724,14237,-4487
Senegal,2013,19822,14247,-5575
Senegal,2014,23118,14274,-8844
Senegal,2015,21280,14392,-6888
Senegal,2016,23061,14584,-8477
Serbia and Kosovo,2001,144231,400304,256073
Serbia and Kosovo,2002,327587,354402,26815
Serbia and Kosovo,2003,296632,291403,-5229
Serbia and Kosovo,2004,237023,276683,39660
Serbia and Kosovo,2005,189989,148264,-41725
Serbia and Kosovo,2006,174027,98997,-75030
Serbia and Kosovo,2007,165643,97995,-67648
Serbia and Kosovo,2008,185935,96739,-89196
Serbia and Kosovo,2009,195626,86351,-109275
Serbia and Kosovo,2010,183289,73608,-109681
Serbia and Kosovo,2011,161671,70707,-90964
Serbia and Kosovo,2012,158908,66370,-92538
Serbia and Kosovo,2013,48725,57083,8358
Serbia and Kosovo,2014,45733,43751,-1982
Serbia and Kosovo,2015,38628,35332,-3296
Serbia and Kosovo,2016,36933,36522,-411
Seychelles,2001,13,0,-13
Seychelles,2002,44,0,-44
Seychelles,2003,38,0,-38
Seychelles,2004,44,0,-44
Seychelles,2005,40,0,-40
Seychelles,2006,61,0,-61
Seychelles,2007,55,0,-55
Seychelles,2008,53,0,-53
Seychelles,2009,49,0,-49
Seychelles,2010,49,0,-49
Seychelles,2011,42,0,-42
Seychelles,2012,29,0,-29
Seychelles,2013,26,0,-26
Seychelles,2014,25,0,-25
Seychelles,2015,20,0,-20
Seychelles,2016,14,2,-12
Sierra Leone,2001,179113,10501,-168612
Sierra Leone,2002,141475,63494,-77981
Sierra Leone,2003,70580,61194,-9386
Sierra Leone,2004,41801,65437,23636
Sierra Leone,2005,40477,59965,19488
Sierra Leone,2006,42862,27365,-15497
Sierra Leone,2007,32127,8795,-23332
Sierra Leone,2008,32536,7826,-24710
Sierra Leone,2009,15417,9051,-6366
Sierra Leone,2010,11275,8363,-2912
Sierra Leone,2011,8002,8092,90
Sierra Leone,2012,6202,4204,-1998
Sierra Leone,2013,5311,2817,-2494
Sierra Leone,2014,4993,1372,-3621
Sierra Leone,2015,4904,760,-4144
Sierra Leone,2016,4679,683,-3996
Singapore,2001,16,2,-14
Singapore,2002,39,2,-37
Singapore,2003,35,1,-34
Singapore,2004,36,1,-35
Singapore,2005,39,3,-36
Singapore,2006,111,1,-110
Singapore,2007,116,10,-106
Singapore,2008,109,10,-99
Singapore,2009,80,7,-73
Singapore,2010,76,7,-69
Singapore,2011,67,3,-64
Singapore,2012,68,3,-65
Singapore,2013,65,3,-62
Singapore,2014,59,3,-56
Singapore,2015,55,0,-55
Singapore,2016,41,0,-41
Sint Maarten (Dutch part),2010,0,1,1
Sint Maarten (Dutch part),2011,0,3,3
Sint Maarten (Dutch part),2012,0,3,3
Sint Maarten (Dutch part),2013,0,3,3
Sint Maarten (Dutch part),2014,0,3,3
Sint Maarten (Dutch part),2015,0,3,3
Sint Maarten (Dutch part),2016,0,3,3
Slovakia,2001,191,472,281
Slovakia,2002,595,444,-151
Slovakia,2003,667,414,-253
Slovakia,2004,619,409,-210
Slovakia,2005,791,368,-423
Slovakia,2006,741,248,-493
Slovakia,2007,342,279,-63
Slovakia,2008,331,317,-14
Slovakia,2009,334,401,67
Slovakia,2010,158,461,303
Slovakia,2011,269,546,277
Slovakia,2012,239,662,423
Slovakia,2013,323,701,378
Slovakia,2014,319,799,480
Slovakia,2015,326,820,494
Slovakia,2016,794,990,196
Slovenia,2001,765,2415,1650
Slovenia,2002,858,390,-468
Slovenia,2003,610,2069,1459
Slovenia,2004,582,304,-278
Slovenia,2005,155,251,96
Slovenia,2006,1760,254,-1506
Slovenia,2007,52,263,211
Slovenia,2008,52,268,216
Slovenia,2009,39,289,250
Slovenia,2010,38,314,276
Slovenia,2011,32,142,110
Slovenia,2012,34,176,142
Slovenia,2013,28,213,185
Slovenia,2014,26,257,231
Slovenia,2015,23,292,269
Slovenia,2016,21,462,441
Solomon Islands,2001,42,0,-42
Solomon Islands,2002,54,0,-54
Solomon Islands,2003,60,0,-60
Solomon Islands,2004,61,0,-61
Solomon Islands,2005,27,0,-27
Solomon Islands,2006,38,0,-38
Solomon Islands,2007,48,0,-48
Solomon Islands,2008,52,0,-52
Solomon Islands,2009,66,0,-66
Solomon Islands,2010,75,0,-75
Solomon Islands,2011,72,0,-72
Solomon Islands,2012,61,0,-61
Solomon Islands,2013,61,0,-61
Solomon Islands,2014,70,3,-67
Solomon Islands,2015,71,3,-68
Solomon Islands,2016,69,0,-69
Somalia,2001,440134,589,-439545
Somalia,2002,432316,199,-432117
Somalia,2003,402336,368,-401968
Somalia,2004,389300,357,-388943
Somalia,2005,395553,493,-395060
Somalia,2006,464037,669,-463368
Somalia,2007,457356,901,-456455
Somalia,2008,561155,1842,-559313
Somalia,2009,678309,1815,-676494
Somalia,2010,770154,1937,-768217
Somalia,2011,1077048,2099,-1074949
Somalia,2012,1136719,2309,-1134410
Somalia,2013,1121770,2425,-1119345
Somalia,2014,1106434,2729,-1103705
Somalia,2015,1123156,8081,-1115075
Somalia,2016,1012323,11574,-1000749
South Africa,2001,123,18605,18482
South Africa,2002,275,23344,23069
South Africa,2003,288,26558,26270
South Africa,2004,269,27683,27414
South Africa,2005,268,29714,29446
South Africa,2006,510,35086,34576
South Africa,2007,474,36736,36262
South Africa,2008,453,43546,43093
South Africa,2009,384,47974,47590
South Africa,2010,380,57899,57519
South Africa,2011,429,57899,57470
South Africa,2012,420,65233,64813
South Africa,2013,423,65987,65564
South Africa,2014,424,112192,111768
South Africa,2015,450,121645,121195
South Africa,2016,450,91043,90593
South Sudan,2011,1,105023,105022
South Sudan,2012,87009,202581,115572
South Sudan,2013,114470,229587,115117
South Sudan,2014,616211,248152,-368059
South Sudan,2015,778718,263016,-515702
South Sudan,2016,1436719,262560,-1174159
Spain,2001,48,6806,6758
Spain,2002,58,6780,6722
Spain,2003,53,5900,5847
Spain,2004,49,5686,5637
Spain,2005,49,5374,5325
Spain,2006,2444,5275,2831
Spain,2007,41,5147,5106
Spain,2008,27,4661,4634
Spain,2009,34,3970,3936
Spain,2010,42,3820,3778
Spain,2011,43,4228,4185
Spain,2012,52,4510,4458
Spain,2013,56,4637,4581
Spain,2014,60,5798,5738
Spain,2015,59,6457,6398
Spain,2016,35,12989,12954
Sri Lanka,2001,122420,17,-122403
Sri Lanka,2002,133239,28,-133211
Sri Lanka,2003,122010,30,-121980
Sri Lanka,2004,114053,63,-113990
Sri Lanka,2005,108139,106,-108033
Sri Lanka,2006,116966,162,-116804
Sri Lanka,2007,134952,182,-134770
Sri Lanka,2008,137752,269,-137483
Sri Lanka,2009,145721,251,-145470
Sri Lanka,2010,141074,223,-140851
Sri Lanka,2011,136617,188,-136429
Sri Lanka,2012,132731,110,-132621
Sri Lanka,2013,123084,145,-122939
Sri Lanka,2014,122010,511,-121499
Sri Lanka,2015,121443,784,-120659
Sri Lanka,2016,117479,604,-116875
State of Palestine,2001,349161,0,-349161
State of Palestine,2002,428782,0,-428782
State of Palestine,2003,350568,0,-350568
State of Palestine,2004,349831,0,-349831
State of Palestine,2005,349673,0,-349673
State of Palestine,2006,334142,0,-334142
State of Palestine,2007,341237,0,-341237
State of Palestine,2008,340016,0,-340016
State of Palestine,2009,95201,0,-95201
State of Palestine,2010,93323,0,-93323
State of Palestine,2011,94150,0,-94150
State of Palestine,2012,94918,0,-94918
State of Palestine,2013,96044,0,-96044
State of Palestine,2014,97212,0,-97212
State of Palestine,2015,98018,0,-98018
State of Palestine,2016,97796,0,-97796
Stateless,2001,7161,0,-7161
Stateless,2002,14476,0,-14476
Stateless,2003,13861,0,-13861
Stateless,2004,13889,0,-13889
Stateless,2005,12287,0,-12287
Stateless,2006,11260,0,-11260
Stateless,2007,13170,0,-13170
Stateless,2008,14173,0,-14173
Stateless,2009,15866,0,-15866
Stateless,2010,16910,0,-16910
Stateless,2011,18172,0,-18172
Stateless,2012,19673,0,-19673
Stateless,2013,20202,0,-20202
Stateless,2014,27915,0,-27915
Stateless,2015,37416,0,-37416
Stateless,2016,48683,0,-48683
Sudan,2001,489950,349209,-140741
Sudan,2002,508877,328176,-180701
Sudan,2003,606242,138163,-468079
Sudan,2004,730641,141588,-589053
Sudan,2005,693632,147256,-546376
Sudan,2006,686311,196200,-490111
Sudan,2007,523032,222722,-300310
Sudan,2008,419248,181605,-237643
Sudan,2009,368195,186292,-181903
Sudan,2010,387288,178308,-208980
Sudan,2011,500014,139415,-360599
Sudan,2012,568943,152194,-416749
Sudan,2013,648942,159857,-489085
Sudan,2014,665967,277833,-388134
Sudan,2015,627087,309639,-317448
Sudan,2016,650640,421466,-229174
Suriname,2001,237,0,-237
Suriname,2002,103,0,-103
Suriname,2003,70,0,-70
Suriname,2004,51,0,-51
Suriname,2005,29,0,-29
Suriname,2006,66,0,-66
Suriname,2007,63,1,-62
Suriname,2008,50,1,-49
Suriname,2009,45,1,-44
Suriname,2010,25,1,-24
Suriname,2011,20,0,-20
Suriname,2012,15,0,-15
Suriname,2013,17,0,-17
Suriname,2014,17,0,-17
Suriname,2015,19,1,-18
Suriname,2016,18,1,-17
Swaziland,2001,15,690,675
Swaziland,2002,19,653,634
Swaziland,2003,5,686,681
Swaziland,2004,14,704,690
Swaziland,2005,13,760,747
Swaziland,2006,22,752,730
Swaziland,2007,25,789,764
Swaziland,2008,32,775,743
Swaziland,2009,32,759,727
Swaziland,2010,36,759,723
Swaziland,2011,43,759,716
Swaziland,2012,65,505,440
Swaziland,2013,109,507,398
Swaziland,2014,161,515,354
Swaziland,2015,220,696,476
Swaziland,2016,229,728,499
Sweden,2001,5,146491,146486
Sweden,2002,28,142193,142165
Sweden,2003,32,112167,112135
Sweden,2004,29,73408,73379
Sweden,2005,75,74915,74840
Sweden,2006,16,79913,79897
Sweden,2007,16,75078,75062
Sweden,2008,15,77038,77023
Sweden,2009,19,81356,81337
Sweden,2010,25,82629,82604
Sweden,2011,24,86615,86591
Sweden,2012,20,92872,92852
Sweden,2013,16,114175,114159
Sweden,2014,18,142207,142189
Sweden,2015,16,169520,169504
Sweden,2016,15,230164,230149
Switzerland,2001,61,58494,58433
Switzerland,2002,56,54113,54057
Switzerland,2003,35,50144,50109
Switzerland,2004,12,47678,47666
Switzerland,2005,16,48030,48014
Switzerland,2006,36,48523,48487
Switzerland,2007,31,45653,45622
Switzerland,2008,32,46132,46100
Switzerland,2009,18,46203,46185
Switzerland,2010,19,48813,48794
Switzerland,2011,20,50416,50396
Switzerland,2012,17,50747,50730
Switzerland,2013,15,52464,52449
Switzerland,2014,19,62620,62601
Switzerland,2015,17,73336,73319
Switzerland,2016,6,82681,82675
Syrian Arab Rep.,2001,4869,3351,-1518
Syrian Arab Rep.,2002,18913,2918,-15995
Syrian Arab Rep.,2003,20819,3681,-17138
Syrian Arab Rep.,2004,21434,15604,-5830
Syrian Arab Rep.,2005,16401,26089,9688
Syrian Arab Rep.,2006,12337,702209,689872
Syrian Arab Rep.,2007,13690,1503769,1490079
Syrian Arab Rep.,2008,15211,1105698,1090487
Syrian Arab Rep.,2009,17914,1054466,1036552
Syrian Arab Rep.,2010,18452,1005472,987020
Syrian Arab Rep.,2011,19931,755445,735514
Syrian Arab Rep.,2012,729022,476506,-252516
Syrian Arab Rep.,2013,2468332,149292,-2319040
Syrian Arab Rep.,2014,3887491,149140,-3738351
Syrian Arab Rep.,2015,4873243,21113,-4852130
Syrian Arab Rep.,2016,5524377,19809,-5504568
Tajikistan,2001,56108,15346,-40762
Tajikistan,2002,63267,3437,-59830
Tajikistan,2003,58936,3306,-55630
Tajikistan,2004,56775,1834,-54941
Tajikistan,2005,54753,1018,-53735
Tajikistan,2006,645,929,284
Tajikistan,2007,894,1133,239
Tajikistan,2008,544,1799,1255
Tajikistan,2009,562,2679,2117
Tajikistan,2010,577,3131,2554
Tajikistan,2011,612,3323,2711
Tajikistan,2012,674,2248,1574
Tajikistan,2013,662,2048,1386
Tajikistan,2014,725,2026,1301
Tajikistan,2015,794,1969,1175
Tajikistan,2016,925,2729,1804
Thailand,2001,94,110711,110617
Thailand,2002,344,112614,112270
Thailand,2003,296,119053,118757
Thailand,2004,319,121139,120820
Thailand,2005,424,117053,116629
Thailand,2006,3325,133117,129792
Thailand,2007,2325,125643,123318
Thailand,2008,1815,112932,111117
Thailand,2009,502,105297,104795
Thailand,2010,356,96675,96319
Thailand,2011,368,89253,88885
Thailand,2012,381,84479,84098
Thailand,2013,222,136499,136277
Thailand,2014,233,130238,130005
Thailand,2015,222,108261,108039
Thailand,2016,158,106447,106289
The former Yugoslav Rep. of Macedonia,2001,12197,4363,-7834
The former Yugoslav Rep. of Macedonia,2002,8107,2816,-5291
The former Yugoslav Rep. of Macedonia,2003,5982,193,-5789
The former Yugoslav Rep. of Macedonia,2004,5104,1004,-4100
The former Yugoslav Rep. of Macedonia,2005,8600,1274,-7326
The former Yugoslav Rep. of Macedonia,2006,7940,1240,-6700
The former Yugoslav Rep. of Macedonia,2007,8077,1235,-6842
The former Yugoslav Rep. of Macedonia,2008,7521,1672,-5849
The former Yugoslav Rep. of Macedonia,2009,7926,1542,-6384
The former Yugoslav Rep. of Macedonia,2010,7889,1398,-6491
The former Yugoslav Rep. of Macedonia,2011,7684,1130,-6554
The former Yugoslav Rep. of Macedonia,2012,7589,1077,-6512
The former Yugoslav Rep. of Macedonia,2013,1628,982,-646
The former Yugoslav Rep. of Macedonia,2014,1759,883,-876
The former Yugoslav Rep. of Macedonia,2015,1777,701,-1076
The former Yugoslav Rep. of Macedonia,2016,1738,637,-1101
Tibetans,2001,20720,0,-20720
Tibetans,2002,20631,0,-20631
Tibetans,2003,20039,0,-20039
Tibetans,2004,20040,0,-20040
Tibetans,2005,20198,0,-20198
Tibetans,2006,20184,0,-20184
Tibetans,2007,20170,0,-20170
Tibetans,2008,20079,0,-20079
Tibetans,2009,20080,0,-20080
Tibetans,2010,15082,0,-15082
Tibetans,2011,15068,0,-15068
Tibetans,2012,15000,0,-15000
Tibetans,2013,15065,0,-15065
Tibetans,2014,15069,0,-15069
Tibetans,2015,15071,0,-15071
Tibetans,2016,13534,0,-13534
Timor-Leste,2001,73042,0,-73042
Timor-Leste,2002,28097,1,-28096
Timor-Leste,2003,127,3,-124
Timor-Leste,2004,221,3,-218
Timor-Leste,2005,251,3,-248
Timor-Leste,2006,251,3,-248
Timor-Leste,2007,6,1,-5
Timor-Leste,2008,7,1,-6
Timor-Leste,2009,7,1,-6
Timor-Leste,2010,8,1,-7
Timor-Leste,2011,8,0,-8
Timor-Leste,2012,9,0,-9
Timor-Leste,2013,10,0,-10
Timor-Leste,2014,13,0,-13
Timor-Leste,2015,20,0,-20
Timor-Leste,2016,22,0,-22
Togo,2001,4354,12257,7903
Togo,2002,10448,12294,1846
Togo,2003,10614,12395,1781
Togo,2004,10818,11285,467
Togo,2005,51107,9287,-41820
Togo,2006,27332,6328,-21004
Togo,2007,22502,1328,-21174
Togo,2008,16750,9377,-7373
Togo,2009,18378,8531,-9847
Togo,2010,18330,14051,-4279
Togo,2011,17871,19270,1399
Togo,2012,15693,23540,7847
Togo,2013,10319,20613,10294
Togo,2014,9276,21778,12502
Togo,2015,8785,21953,13168
Togo,2016,8310,12491,4181
Tonga,2001,1,0,-1
Tonga,2002,8,0,-8
Tonga,2003,12,0,-12
Tonga,2004,5,0,-5
Tonga,2005,4,0,-4
Tonga,2006,6,0,-6
Tonga,2007,5,0,-5
Tonga,2008,7,0,-7
Tonga,2009,5,0,-5
Tonga,2010,6,0,-6
Tonga,2011,10,2,-8
Tonga,2012,13,3,-10
Tonga,2013,18,3,-15
Tonga,2014,22,0,-22
Tonga,2015,24,0,-24
Tonga,2016,27,0,-27
Trinidad and Tobago,2001,16,0,-16
Trinidad and Tobago,2002,35,0,-35
Trinidad and Tobago,2003,38,0,-38
Trinidad and Tobago,2004,41,0,-41
Trinidad and Tobago,2005,63,0,-63
Trinidad and Tobago,2006,153,0,-153
Trinidad and Tobago,2007,211,22,-189
Trinidad and Tobago,2008,231,33,-198
Trinidad and Tobago,2009,240,37,-203
Trinidad and Tobago,2010,255,29,-226
Trinidad and Tobago,2011,297,22,-275
Trinidad and Tobago,2012,333,18,-315
Trinidad and Tobago,2013,336,20,-316
Trinidad and Tobago,2014,371,83,-288
Trinidad and Tobago,2015,369,113,-256
Trinidad and Tobago,2016,295,109,-186
Tunisia,2001,1368,97,-1271
Tunisia,2002,2543,102,-2441
Tunisia,2003,2563,99,-2464
Tunisia,2004,2516,90,-2426
Tunisia,2005,3129,87,-3042
Tunisia,2006,2844,93,-2751
Tunisia,2007,2507,101,-2406
Tunisia,2008,2349,94,-2255
Tunisia,2009,2260,92,-2168
Tunisia,2010,2174,89,-2085
Tunisia,2011,1952,4097,2145
Tunisia,2012,1935,1435,-500
Tunisia,2013,1363,730,-633
Tunisia,2014,1485,901,-584
Tunisia,2015,1567,665,-902
Tunisia,2016,1700,649,-1051
Turkey,2001,47090,3472,-43618
Turkey,2002,193704,3301,-190403
Turkey,2003,185098,2490,-182608
Turkey,2004,174578,3033,-171545
Turkey,2005,170567,2399,-168168
Turkey,2006,227232,2633,-224599
Turkey,2007,221939,6956,-214983
Turkey,2008,214378,11103,-203275
Turkey,2009,146387,10350,-136037
Turkey,2010,146794,10032,-136762
Turkey,2011,139779,14465,-125314
Turkey,2012,135372,267063,131691
Turkey,2013,66575,609938,543363
Turkey,2014,63892,1587374,1523482
Turkey,2015,59558,2541352,2481794
Turkey,2016,57925,2869421,2811496
Turkmenistan,2001,310,14005,13695
Turkmenistan,2002,801,13693,12892
Turkmenistan,2003,840,13511,12671
Turkmenistan,2004,812,13253,12441
Turkmenistan,2005,820,11963,11143
Turkmenistan,2006,692,750,58
Turkmenistan,2007,678,125,-553
Turkmenistan,2008,736,79,-657
Turkmenistan,2009,743,60,-683
Turkmenistan,2010,738,62,-676
Turkmenistan,2011,726,59,-667
Turkmenistan,2012,723,46,-677
Turkmenistan,2013,519,45,-474
Turkmenistan,2014,484,35,-449
Turkmenistan,2015,455,26,-429
Turkmenistan,2016,377,27,-350
Turks and Caicos Islands,2006,1,0,-1
Turks and Caicos Islands,2007,1,0,-1
Turks and Caicos Islands,2008,1,0,-1
Turks and Caicos Islands,2009,1,0,-1
Turks and Caicos Islands,2010,1,0,-1
Turks and Caicos Islands,2011,14,0,-14
Turks and Caicos Islands,2012,14,0,-14
Turks and Caicos Islands,2013,15,4,-11
Turks and Caicos Islands,2014,15,4,-11
Turks and Caicos Islands,2015,14,4,-10
Turks and Caicos Islands,2016,16,4,-12
Tuvalu,2001,3,0,-3
Tuvalu,2002,3,0,-3
Tuvalu,2003,3,0,-3
Tuvalu,2004,3,0,-3
Tuvalu,2006,3,0,-3
Tuvalu,2007,2,0,-2
Tuvalu,2008,2,0,-2
Tuvalu,2011,1,0,-1
Tuvalu,2012,1,0,-1
Tuvalu,2013,2,0,-2
Tuvalu,2014,2,0,-2
Tuvalu,2015,2,0,-2
Tuvalu,2016,2,0,-2
Uganda,2001,40141,199736,159595
Uganda,2002,40425,217302,176877
Uganda,2003,35247,230903,195656
Uganda,2004,31963,250482,218519
Uganda,2005,34225,257256,223031
Uganda,2006,21751,272007,250256
Uganda,2007,21341,228959,207618
Uganda,2008,7548,162132,154584
Uganda,2009,7554,127345,119791
Uganda,2010,6441,135801,129360
Uganda,2011,5680,139448,133768
Uganda,2012,5608,197877,192269
Uganda,2013,8176,220555,212379
Uganda,2014,7191,385513,378322
Uganda,2015,6316,477187,470871
Uganda,2016,6233,940835,934602
Ukraine,2001,26716,2983,-23733
Ukraine,2002,85265,2966,-82299
Ukraine,2003,94148,2877,-91271
Ukraine,2004,89587,2459,-87128
Ukraine,2005,84228,2346,-81882
Ukraine,2006,63723,2275,-61448
Ukraine,2007,25985,7277,-18708
Ukraine,2008,28424,7201,-21223
Ukraine,2009,24522,7334,-17188
Ukraine,2010,25111,3022,-22089
Ukraine,2011,25379,3176,-22203
Ukraine,2012,25256,2807,-22449
Ukraine,2013,5163,2968,-2195
Ukraine,2014,237625,3219,-234406
Ukraine,2015,321418,3273,-318145
Ukraine,2016,239075,3302,-235773
United Arab Emirates,2001,18,556,538
United Arab Emirates,2002,31,163,132
United Arab Emirates,2003,20,160,140
United Arab Emirates,2004,71,105,34
United Arab Emirates,2005,30,104,74
United Arab Emirates,2006,265,174,-91
United Arab Emirates,2007,308,159,-149
United Arab Emirates,2008,256,209,-47
United Arab Emirates,2009,414,279,-135
United Arab Emirates,2010,424,538,114
United Arab Emirates,2011,486,677,191
United Arab Emirates,2012,584,631,47
United Arab Emirates,2013,90,603,513
United Arab Emirates,2014,90,417,327
United Arab Emirates,2015,99,663,564
United Arab Emirates,2016,112,895,783
United Kingdom,2001,109,233389,233280
United Kingdom,2002,164,260687,260523
United Kingdom,2003,149,276521,276372
United Kingdom,2004,144,298844,298700
United Kingdom,2005,135,303181,303046
United Kingdom,2006,174,301556,301382
United Kingdom,2007,201,299718,299517
United Kingdom,2008,185,292097,291912
United Kingdom,2009,156,269363,269207
United Kingdom,2010,153,238150,237997
United Kingdom,2011,150,193510,193360
United Kingdom,2012,153,149799,149646
United Kingdom,2013,142,126055,125913
United Kingdom,2014,141,117234,117093
United Kingdom,2015,131,123067,122936
United Kingdom,2016,81,118995,118914
United Rep. of Tanzania,2001,378,646900,646522
United Rep. of Tanzania,2002,580,689373,688793
United Rep. of Tanzania,2003,711,649770,649059
United Rep. of Tanzania,2004,985,602088,601103
United Rep. of Tanzania,2005,1549,548824,547275
United Rep. of Tanzania,2006,1668,485295,483627
United Rep. of Tanzania,2007,1255,435630,434375
United Rep. of Tanzania,2008,1270,321909,320639
United Rep. of Tanzania,2009,1204,118731,117527
United Rep. of Tanzania,2010,1144,109286,108142
United Rep. of Tanzania,2011,1163,131243,130080
United Rep. of Tanzania,2012,1122,101021,99899
United Rep. of Tanzania,2013,1040,102099,101059
United Rep. of Tanzania,2014,858,88492,87634
United Rep. of Tanzania,2015,820,211845,211025
United Rep. of Tanzania,2016,594,281498,280904
United States,2001,219,515853,515634
United States,2002,383,485171,484788
United States,2003,395,452548,452153
United States,2004,451,420858,420407
United States,2005,683,379340,378657
United States,2006,1356,843490,842134
United States,2007,2174,281216,279042
United States,2008,2137,279549,277412
United States,2009,2368,275459,273091
United States,2010,3026,264569,261543
United States,2011,3778,264763,260985
United States,2012,4456,262023,257567
United States,2013,4760,263662,258902
United States,2014,4987,267222,262235
United States,2015,4832,273202,268370
United States,2016,310,272959,272649
Uruguay,2001,46,90,44
Uruguay,2002,61,99,38
Uruguay,2003,57,91,34
Uruguay,2004,81,97,16
Uruguay,2005,111,121,10
Uruguay,2006,164,125,-39
Uruguay,2007,197,140,-57
Uruguay,2008,199,145,-54
Uruguay,2009,188,168,-20
Uruguay,2010,186,189,3
Uruguay,2011,184,174,-10
Uruguay,2012,171,181,10
Uruguay,2013,147,203,56
Uruguay,2014,124,272,148
Uruguay,2015,91,301,210
Uruguay,2016,27,312,285
Uzbekistan,2001,3458,39579,36121
Uzbekistan,2002,6881,44936,38055
Uzbekistan,2003,7391,44682,37291
Uzbekistan,2004,7290,44455,37165
Uzbekistan,2005,8323,43950,35627
Uzbekistan,2006,9101,1415,-7686
Uzbekistan,2007,5663,1054,-4609
Uzbekistan,2008,6308,821,-5487
Uzbekistan,2009,6669,555,-6114
Uzbekistan,2010,8840,311,-8529
Uzbekistan,2011,12664,214,-12450
Uzbekistan,2012,11593,176,-11417
Uzbekistan,2013,4952,141,-4811
Uzbekistan,2014,4795,125,-4670
Uzbekistan,2015,4206,107,-4099
Uzbekistan,2016,3836,27,-3809
Vanuatu,2007,0,1,1
Vanuatu,2008,0,3,3
Vanuatu,2009,0,4,4
Vanuatu,2010,1,4,3
Vanuatu,2011,1,0,-1
Vanuatu,2012,1,2,1
Vanuatu,2013,1,2,1
Vanuatu,2014,1,0,-1
Vanuatu,2015,1,0,-1
Vanuatu,2016,2,0,-2
Various,2001,1099539,0,-1099539
Various,2002,289766,0,-289766
Various,2003,320108,0,-320108
Various,2004,351199,0,-351199
Various,2005,187215,0,-187215
Various,2006,246951,0,-246951
Various,2007,194062,0,-194062
Various,2008,190692,0,-190692
Various,2009,186684,0,-186684
Various,2010,167117,0,-167117
Various,2011,145048,0,-145048
Various,2012,132807,0,-132807
Various,2013,107207,0,-107207
Various,2014,101141,0,-101141
Various,2015,120132,0,-120132
Various,2016,138787,0,-138787
Venezuela,2001,466,59,-407
Venezuela,2002,526,58,-468
Venezuela,2003,598,58,-540
Venezuela,2004,1256,244,-1012
Venezuela,2005,2590,408,-2182
Venezuela,2006,3828,720,-3108
Venezuela,2007,5094,200907,195813
Venezuela,2008,5807,201161,195354
Venezuela,2009,6221,201313,195092
Venezuela,2010,6701,201547,194846
Venezuela,2011,7577,202022,194445
Venezuela,2012,8208,203644,195436
Venezuela,2013,8395,204340,195945
Venezuela,2014,8009,173600,165591
Venezuela,2015,7454,173754,166300
Venezuela,2016,7537,172053,164516
Viet Nam,2001,353224,15945,-337279
Viet Nam,2002,373741,15945,-357796
Viet Nam,2003,363179,15360,-347819
Viet Nam,2004,349803,2360,-347443
Viet Nam,2005,358268,2357,-355911
Viet Nam,2006,374279,2357,-371922
Viet Nam,2007,327776,2357,-325419
Viet Nam,2008,328183,2357,-325826
Viet Nam,2009,339289,2357,-336932
Viet Nam,2010,338698,1928,-336770
Viet Nam,2011,337829,990,-336839
Viet Nam,2012,336939,0,-336939
Viet Nam,2013,314107,0,-314107
Viet Nam,2014,313418,0,-313418
Viet Nam,2015,313155,0,-313155
Viet Nam,2016,329351,0,-329351
Western Sahara,2001,165910,0,-165910
Western Sahara,2002,165884,0,-165884
Western Sahara,2003,165729,0,-165729
Western Sahara,2004,165731,0,-165731
Western Sahara,2005,90652,0,-90652
Western Sahara,2006,90614,0,-90614
Western Sahara,2007,116594,0,-116594
Western Sahara,2008,116530,0,-116530
Western Sahara,2009,116474,0,-116474
Western Sahara,2010,116415,0,-116415
Western Sahara,2011,116413,0,-116413
Western Sahara,2012,116452,0,-116452
Western Sahara,2013,116504,0,-116504
Western Sahara,2014,116482,0,-116482
Western Sahara,2015,116547,0,-116547
Western Sahara,2016,116649,0,-116649
Yemen,2001,1985,69468,67483
Yemen,2002,1600,82803,81203
Yemen,2003,1597,61881,60284
Yemen,2004,1606,66384,64778
Yemen,2005,1325,81937,80612
Yemen,2006,1362,95794,94432
Yemen,2007,1632,117363,115731
Yemen,2008,1777,140169,138392
Yemen,2009,1934,170854,168920
Yemen,2010,2076,190092,188016
Yemen,2011,2323,214740,212417
Yemen,2012,2594,237182,234588
Yemen,2013,2428,241288,238860
Yemen,2014,2631,257645,255014
Yemen,2015,15897,267173,251276
Yemen,2016,18452,269783,251331
Zambia,2001,62,284173,284111
Zambia,2002,92,246765,246673
Zambia,2003,100,226697,226597
Zambia,2004,124,173907,173783
Zambia,2005,151,155718,155567
Zambia,2006,203,120253,120050
Zambia,2007,196,112931,112735
Zambia,2008,195,83485,83290
Zambia,2009,206,56785,56579
Zambia,2010,228,47857,47629
Zambia,2011,240,45632,45392
Zambia,2012,243,25653,25410
Zambia,2013,232,23594,23362
Zambia,2014,316,25578,25262
Zambia,2015,344,26447,26103
Zambia,2016,265,29350,29085
Zimbabwe,2001,257,8706,8449
Zimbabwe,2002,4030,9432,5402
Zimbabwe,2003,7162,12721,5559
Zimbabwe,2004,9568,6884,-2684
Zimbabwe,2005,11251,13850,2599
Zimbabwe,2006,12781,3519,-9262
Zimbabwe,2007,14374,3981,-10393
Zimbabwe,2008,16841,3468,-13373
Zimbabwe,2009,22449,3995,-18454
Zimbabwe,2010,24089,4435,-19654
Zimbabwe,2011,25048,4561,-20487
Zimbabwe,2012,22101,4356,-17745
Zimbabwe,2013,19734,6389,-13345
Zimbabwe,2014,22492,6079,-16413
Zimbabwe,2015,21344,6950,-14394
Zimbabwe,2016,18156,7426,-10730
